          48
           6
           1
           8
          24
          50
          86
         132
         185
         246
         309
         374
         445
         520
         556
         613
         651
         708
         737
         793
         824
         882
         913
         975
        1009
        1057
        1093
        1096
        1164
        1206
        1280
        1282
        1321
        1365
        1404
        1479
        1481
        1506
        1538
        1568
        1595
        1622
        1645
        1647
        1690
        1683
        1678
        1682
        1695
