          48
         128
          58
          16
           1
          13
          52
         120
         207
         306
         419
         507
         601
         730
         859
         924
        1029
        1103
        1140
        1216
        1254
        1337
        1420
        1466
        1558
        1604
        1654
        1753
        1757
        1856
        1963
        1938
        1987
        2039
        2128
        2135
        2181
        2185
        2228
        2279
        2314
        2348
        2354
        2381
        2380
        2397
        2392
        2390
        2387
