

/Gem Systems GSM-19TW 9113462 v7.0 11 VI 2009 M t-ew3.v7                           
/ID 1 file 01survey.b   10 II 14
/datum  00000.00
/
/time nT sq 
095734.0  48549.66 99 
095736.0  48549.68 99 
095738.0  48550.30 99 
095740.0  48549.13 99 
095742.0  48550.67 99 
095744.0  48549.35 99 
095746.0  48548.73 99 
095748.0  48551.63 99 
095750.0  48548.79 99 
095752.0  48550.82 99 
095754.0  48549.81 99 
095756.0  48549.42 99 
095758.0  48550.01 99 
095800.0  48547.40 99 
095802.0  48549.12 99 
095804.0  48549.23 99 
095806.0  48546.88 99 
095808.0  48548.33 99 
095810.0  48549.72 99 
095812.0  48547.26 99 
095814.0  48550.62 99 
095816.0  48550.21 99 
095818.0  48549.51 99 
095820.0  48549.47 99 
095822.0  48550.38 99 
095824.0  48552.35 99 
095826.0  48549.73 99 
095828.0  48551.10 99 
095830.0  48551.50 99 
095832.0  48552.30 99 
095834.0  48549.67 99 
095836.0  48548.25 99 
095838.0  48549.15 99 
095840.0  48549.03 99 
095842.0  48552.56 99 
095844.0  48551.97 99 
095846.0  48548.48 99 
095848.0  48547.93 99 
095850.0  48549.71 99 
095852.0  48548.97 99 
095854.0  48550.72 99 
095856.0  48548.50 99 
095858.0  48550.56 99 
095900.0  48549.62 99 
095902.0  48552.75 99 
095904.0  48552.27 99 
095906.0  48549.26 99 
095908.0  48549.94 99 
095910.0  48546.60 99 
095912.0  48549.38 99 
095914.0  48544.28 99 
095916.0  48546.21 99 
095918.0  48549.82 99 
095920.0  48546.97 99 
095922.0  48544.77 99 
095924.0  48546.40 99 
095926.0  48547.84 99 
095928.0  48548.71 99 
095930.0  48549.80 99 
095932.0  48553.74 99 
095934.0  48552.16 99 
095936.0  48548.29 99 
095938.0  48549.87 99 
095940.0  48551.81 99 
095942.0  48548.62 99 
095944.0  48550.37 99 
095946.0  48547.48 99 
095948.0  48553.81 99 
095950.0  48551.61 99 
095952.0  48550.84 99 
095954.0  48550.53 99 
095956.0  48550.33 99 
095958.0  48549.34 99 
100000.0  48549.15 99 
100002.0  48549.50 99 
100004.0  48551.53 99 
100006.0  48548.56 99 
100008.0  48549.45 99 
100010.0  48548.45 99 
100012.0  48548.08 99 
100014.0  48547.37 99 
100016.0  48549.12 99 
100018.0  48551.32 99 
100020.0  48548.43 99 
100022.0  48546.68 99 
100024.0  48548.21 99 
100026.0  48545.20 99 
100028.0  48545.57 99 
100030.0  48548.56 99 
100032.0  48549.00 99 
100034.0  48552.78 99 
100036.0  48547.21 99 
100038.0  48550.13 99 
100040.0  48549.02 99 
100042.0  48548.09 99 
100044.0  48547.35 99 
100046.0  48547.26 99 
100048.0  48549.33 99 
100050.0  48548.07 99 
100052.0  48549.32 99 
100054.0  48547.99 99 
100056.0  48547.37 99 
100058.0  48545.58 99 
100100.0  48550.58 99 
100102.0  48545.67 99 
100104.0  48547.89 99 
100106.0  48548.82 99 
100108.0  48546.35 99 
100110.0  48549.82 99 
100112.0  48549.19 99 
100114.0  48547.64 99 
100116.0  48547.62 99 
100118.0  48547.84 99 
100120.0  48547.52 99 
100122.0  48547.63 99 
100124.0  48548.79 99 
100126.0  48546.99 98 
100128.0  48549.85 99 
100130.0  48547.90 99 
100132.0  48548.34 99 
100134.0  48548.06 99 
100136.0  48550.08 99 
100138.0  48549.56 99 
100140.0  48549.76 99 
100142.0  48550.43 99 
100144.0  48549.30 99 
100146.0  48551.87 99 
100148.0  48549.74 99 
100150.0  48548.52 98 
100152.0  48549.23 99 
100154.0  48548.79 99 
100156.0  48548.02 99 
100158.0  48549.77 99 
100200.0  48546.13 99 
100202.0  48549.52 99 
100204.0  48548.10 99 
100206.0  48546.07 99 
100208.0  48550.44 99 
100210.0  48549.18 99 
100212.0  48550.26 99 
100214.0  48549.11 99 
100216.0  48548.88 99 
100218.0  48548.03 99 
100220.0  48549.07 99 
100222.0  48549.20 99 
100224.0  48551.20 99 
100226.0  48551.80 99 
100228.0  48548.88 99 
100230.0  48548.08 99 
100232.0  48549.73 99 
100234.0  48546.35 99 
100236.0  48548.13 99 
100238.0  48549.76 99 
100240.0  48547.82 99 
100242.0  48548.75 99 
100244.0  48549.92 99 
100246.0  48547.06 99 
100248.0  48548.32 99 
100250.0  48548.30 99 
100252.0  48546.53 99 
100254.0  48546.44 99 
100256.0  48552.27 99 
100258.0  48548.60 99 
100300.0  48546.95 99 
100302.0  48547.28 99 
100304.0  48543.85 99 
100306.0  48544.33 99 
100308.0  48546.20 99 
100310.0  48546.61 99 
100312.0  48546.35 99 
100314.0  48545.61 99 
100316.0  48543.85 99 
100318.0  48547.97 99 
100320.0  48548.91 99 
100322.0  48549.71 99 
100324.0  48549.58 99 
100326.0  48548.34 99 
100328.0  48552.33 99 
100330.0  48551.16 99 
100332.0  48551.40 99 
100334.0  48551.01 99 
100336.0  48550.10 99 
100338.0  48544.55 99 
100340.0  48544.96 99 
100342.0  48547.28 99 
100344.0  48548.53 99 
100346.0  48548.44 99 
100348.0  48545.73 99 
100350.0  48546.76 99 
100352.0  48548.46 99 
100354.0  48545.94 99 
100356.0  48547.50 99 
100358.0  48550.51 99 
100400.0  48547.21 99 
100402.0  48549.79 98 
100404.0  48548.21 99 
100406.0  48549.60 99 
100408.0  48547.68 99 
100410.0  48548.60 99 
100412.0  48548.06 99 
100414.0  48548.84 99 
100416.0  48548.47 99 
100418.0  48546.03 99 
100420.0  48546.52 99 
100422.0  48546.73 99 
100424.0  48549.05 99 
100426.0  48547.81 99 
100428.0  48545.51 99 
100430.0  48548.87 99 
100432.0  48547.89 99 
100434.0  48547.92 99 
100436.0  48550.22 99 
100438.0  48551.59 99 
100440.0  48547.42 99 
100442.0  48547.43 99 
100444.0  48548.79 99 
100446.0  48550.33 99 
100448.0  48549.27 98 
100450.0  48545.12 99 
100452.0  48547.68 99 
100454.0  48548.47 99 
100456.0  48547.90 99 
100458.0  48551.01 99 
100500.0  48547.72 99 
100502.0  48547.20 99 
100504.0  48550.45 99 
100506.0  48547.81 99 
100508.0  48543.88 99 
100510.0  48546.36 99 
100512.0  48545.77 99 
100514.0  48545.59 99 
100516.0  48544.38 99 
100518.0  48546.78 99 
100520.0  48546.73 99 
100522.0  48552.56 98 
100524.0  48548.32 99 
100526.0  48547.16 99 
100528.0  48546.13 98 
100530.0  48548.02 99 
100532.0  48547.02 99 
100534.0  48551.14 99 
100536.0  48548.56 99 
100538.0  48545.92 99 
100540.0  48544.26 99 
100542.0  48553.71 89 
100544.0  48546.48 99 
100546.0  48550.17 99 
100548.0  48547.16 99 
100550.0  48550.64 99 
100552.0  48550.19 99 
100554.0  48547.89 99 
100556.0  48549.15 99 
100558.0  48547.10 99 
100600.0  48547.39 99 
100602.0  48547.74 99 
100604.0  48547.75 99 
100606.0  48547.65 99 
100608.0  48547.82 99 
100610.0  48546.90 99 
100612.0  48549.95 99 
100614.0  48546.11 99 
100616.0  48548.01 99 
100618.0  48547.47 99 
100620.0  48546.23 99 
100622.0  48545.59 99 
100624.0  48548.01 99 
100626.0  48547.06 99 
100628.0  48549.17 98 
100630.0  48545.93 99 
100632.0  48547.91 99 
100634.0  48551.42 99 
100636.0  48544.92 99 
100638.0  48544.69 99 
100640.0  48549.12 99 
100642.0  48548.51 99 
100644.0  48545.95 99 
100646.0  48543.83 99 
100648.0  48548.64 99 
100650.0  48545.45 99 
100652.0  48547.92 99 
100654.0  48545.43 99 
100656.0  48548.80 99 
100658.0  48546.70 99 
100700.0  48545.85 99 
100702.0  48548.58 99 
100704.0  48544.64 99 
100706.0  48545.19 99 
100708.0  48544.80 99 
100710.0  48545.94 99 
100712.0  48546.73 98 
100714.0  48549.23 99 
100716.0  48545.59 99 
100718.0  48547.97 98 
100720.0  48547.86 99 
100722.0  48549.68 99 
100724.0  48547.48 99 
100726.0  48546.44 98 
100728.0  48547.85 98 
100730.0  48550.13 99 
100732.0  48551.05 99 
100734.0  48550.48 99 
100736.0  48549.13 99 
100738.0  48548.74 98 
100740.0  48549.18 99 
100742.0  48549.72 99 
100744.0  48547.47 99 
100746.0  48548.60 99 
100748.0  48549.22 99 
100750.0  48554.16 99 
100752.0  48548.58 99 
100754.0  48549.99 99 
100756.0  48547.75 99 
100758.0  48547.25 99 
100800.0  48548.26 99 
100802.0  48545.54 99 
100804.0  48547.95 99 
100806.0  48549.18 99 
100808.0  48551.48 99 
100810.0  48553.75 99 
100812.0  48552.12 99 
100814.0  48549.07 99 
100816.0  48549.17 98 
100818.0  48551.42 99 
100820.0  48551.19 99 
100822.0  48546.94 99 
100824.0  48546.75 99 
100826.0  48545.45 99 
100828.0  48547.09 99 
100830.0  48547.07 99 
100832.0  48546.87 99 
100834.0  48550.04 99 
100836.0  48546.67 99 
100838.0  48550.71 99 
100840.0  48542.54 99 
100842.0  48545.96 99 
100844.0  48549.14 98 
100846.0  48545.14 99 
100848.0  48548.55 99 
100850.0  48548.23 99 
100852.0  48545.44 99 
100854.0  48547.35 98 
100856.0  48546.69 99 
100858.0  48544.35 99 
100900.0  48552.12 99 
100902.0  48551.85 98 
100904.0  48546.58 99 
100906.0  48547.38 99 
100908.0  48548.90 99 
100910.0  48547.39 99 
100912.0  48553.74 99 
100914.0  48557.15 99 
100916.0  48556.61 99 
100918.0  48550.19 99 
100920.0  48550.36 99 
100922.0  48547.95 99 
100924.0  48551.66 99 
100926.0  48546.08 99 
100928.0  48548.74 99 
100930.0  48547.00 99 
100932.0  48547.69 99 
100934.0  48551.12 99 
100936.0  48548.74 99 
100938.0  48549.30 99 
100940.0  48546.53 99 
100942.0  48546.46 99 
100944.0  48546.81 99 
100946.0  48545.13 99 
100948.0  48543.91 99 
100950.0  48547.06 99 
100952.0  48545.89 99 
100954.0  48546.18 99 
100956.0  48546.80 99 
100958.0  48549.10 99 
101000.0  48547.12 99 
101002.0  48545.46 99 
101004.0  48546.35 99 
101006.0  48545.02 99 
101008.0  48546.30 99 
101010.0  48544.79 99 
101012.0  48546.82 99 
101014.0  48547.27 98 
101016.0  48545.20 99 
101018.0  48546.08 99 
101020.0  48545.27 99 
101022.0  48544.54 99 
101024.0  48548.50 99 
101026.0  48545.21 99 
101028.0  48543.67 99 
101030.0  48549.27 99 
101032.0  48546.25 99 
101034.0  48542.71 99 
101036.0  48544.31 99 
101038.0  48546.18 99 
101040.0  48545.92 99 
101042.0  48544.68 99 
101044.0  48540.88 99 
101046.0  48546.54 99 
101048.0  48544.54 99 
101050.0  48546.23 99 
101052.0  48547.64 99 
101054.0  48545.43 99 
101056.0  48548.16 99 
101058.0  48549.51 99 
101100.0  48550.35 99 
101102.0  48546.04 99 
101104.0  48547.98 99 
101106.0  48547.85 99 
101108.0  48547.71 98 
101110.0  48549.55 99 
101112.0  48548.29 99 
101114.0  48553.57 99 
101116.0  48549.79 99 
101118.0  48547.19 99 
101120.0  48549.11 99 
101122.0  48548.47 99 
101124.0  48547.61 99 
101126.0  48547.70 99 
101128.0  48546.54 99 
101130.0  48547.64 99 
101132.0  48546.98 99 
101134.0  48543.89 99 
101136.0  48544.65 99 
101138.0  48548.78 99 
101140.0  48547.14 99 
101142.0  48548.29 99 
101144.0  48544.74 99 
101146.0  48547.14 99 
101148.0  48548.87 99 
101150.0  48546.82 99 
101152.0  48548.86 99 
101154.0  48549.74 99 
101156.0  48546.03 99 
101158.0  48546.77 99 
101200.0  48545.46 99 
101202.0  48548.83 99 
101204.0  48547.72 99 
101206.0  48547.16 99 
101208.0  48547.05 99 
101210.0  48546.69 99 
101212.0  48546.75 99 
101214.0  48547.59 99 
101216.0  48547.85 99 
101218.0  48546.00 99 
101220.0  48547.59 99 
101222.0  48546.55 99 
101224.0  48543.94 99 
101226.0  48544.57 98 
101228.0  48544.40 99 
101230.0  48546.28 99 
101232.0  48549.08 99 
101234.0  48545.59 99 
101236.0  48548.39 99 
101238.0  48547.99 99 
101240.0  48544.55 99 
101242.0  48544.75 99 
101244.0  48545.05 99 
101246.0  48546.79 99 
101248.0  48548.76 99 
101250.0  48546.73 99 
101252.0  48546.32 99 
101254.0  48546.24 98 
101256.0  48545.37 99 
101258.0  48547.49 99 
101300.0  48545.34 99 
101302.0  48549.38 99 
101304.0  48549.15 99 
101306.0  48549.33 99 
101308.0  48547.12 99 
101310.0  48549.16 99 
101312.0  48548.77 99 
101314.0  48546.83 99 
101316.0  48546.38 99 
101318.0  48545.31 99 
101320.0  48547.14 99 
101322.0  48542.93 98 
101324.0  48546.41 99 
101326.0  48546.48 99 
101328.0  48546.57 99 
101330.0  48550.38 99 
101332.0  48549.01 99 
101334.0  48545.18 99 
101336.0  48546.63 99 
101338.0  48549.24 99 
101340.0  48547.34 99 
101342.0  48544.17 99 
101344.0  48547.59 99 
101346.0  48549.79 99 
101348.0  48545.70 99 
101350.0  48547.40 99 
101352.0  48549.41 99 
101354.0  48550.90 98 
101356.0  48549.67 99 
101358.0  48547.16 99 
101400.0  48548.46 99 
101402.0  48549.98 99 
101404.0  48549.33 99 
101406.0  48547.10 99 
101408.0  48549.77 98 
101410.0  48549.03 99 
101412.0  48549.88 99 
101414.0  48549.62 99 
101416.0  48546.90 99 
101418.0  48549.60 99 
101420.0  48548.56 99 
101422.0  48547.19 99 
101424.0  48547.68 98 
101426.0  48547.81 99 
101428.0  48546.42 99 
101430.0  48547.00 99 
101432.0  48546.77 99 
101434.0  48548.07 99 
101436.0  48546.30 99 
101438.0  48548.33 99 
101440.0  48548.21 99 
101442.0  48548.43 99 
101444.0  48549.34 99 
101446.0  48549.97 98 
101448.0  48548.41 99 
101450.0  48550.56 89 
101452.0  48548.30 99 
101454.0  48550.50 99 
101456.0  48549.36 99 
101458.0  48544.13 99 
101500.0  48549.07 99 
101502.0  48547.33 99 
101504.0  48549.30 99 
101506.0  48548.53 99 
101508.0  48548.62 99 
101510.0  48546.72 99 
101512.0  48549.38 99 
101514.0  48550.78 99 
101516.0  48551.40 99 
101518.0  48547.13 99 
101520.0  48546.86 99 
101522.0  48547.41 99 
101524.0  48548.39 99 
101526.0  48546.93 99 
101528.0  48547.86 99 
101530.0  48549.39 98 
101532.0  48547.43 99 
101534.0  48547.45 99 
101536.0  48547.66 99 
101538.0  48546.38 99 
101540.0  48548.92 99 
101542.0  48550.68 99 
101544.0  48548.22 99 
101546.0  48546.50 99 
101548.0  48548.86 98 
101550.0  48550.84 99 
101552.0  48546.94 99 
101554.0  48549.62 98 
101556.0  48549.87 99 
101558.0  48549.65 98 
101600.0  48550.47 99 
101602.0  48547.06 99 
101604.0  48547.97 99 
101606.0  48546.89 99 
101608.0  48548.00 99 
101610.0  48548.29 99 
101612.0  48549.41 99 
101614.0  48545.97 99 
101616.0  48548.96 99 
101618.0  48553.18 99 
101620.0  48548.15 99 
101622.0  48548.46 99 
101624.0  48550.36 99 
101626.0  48550.22 99 
101628.0  48553.35 99 
101630.0  48551.89 99 
101632.0  48553.60 99 
101634.0  48552.16 99 
101636.0  48550.50 99 
101638.0  48551.23 99 
101640.0  48553.87 99 
101642.0  48551.06 98 
101644.0  48550.55 99 
101646.0  48546.98 99 
101648.0  48548.39 98 
101650.0  48550.96 99 
101652.0  48549.41 99 
101654.0  48552.69 89 
101656.0  48547.27 99 
101658.0  48548.81 99 
101700.0  48550.14 99 
101702.0  48551.69 99 
101704.0  48550.75 99 
101706.0  48551.99 99 
101708.0  48550.18 99 
101710.0  48544.23 98 
101712.0  48544.60 99 
101714.0  48547.23 99 
101716.0  48547.26 99 
101718.0  48549.26 99 
101720.0  48545.84 98 
101722.0  48549.54 97 
101724.0  48550.61 99 
101726.0  48549.06 99 
101728.0  48549.79 99 
101730.0  48550.38 99 
101732.0  48549.38 99 
101734.0  48547.35 99 
101736.0  48547.71 99 
101738.0  48549.58 99 
101740.0  48551.11 98 
101742.0  48548.89 99 
101744.0  48552.51 98 
101746.0  48553.09 98 
101748.0  48547.22 99 
101750.0  48548.62 99 
101752.0  48548.57 99 
101754.0  48550.74 99 
101756.0  48549.51 99 
101758.0  48546.05 99 
101800.0  48553.19 99 
101802.0  48547.12 99 
101804.0  48550.08 99 
101806.0  48552.03 99 
101808.0  48549.67 99 
101810.0  48550.57 99 
101812.0  48548.42 99 
101814.0  48552.84 98 
101816.0  48551.01 99 
101818.0  48547.62 99 
101820.0  48551.40 98 
101822.0  48547.58 99 
101824.0  48547.80 99 
101826.0  48552.57 99 
101828.0  48548.91 99 
101830.0  48552.04 99 
101832.0  48550.56 98 
101834.0  48551.82 99 
101836.0  48555.54 99 
101838.0  48551.13 99 
101840.0  48546.04 99 
101842.0  48548.79 98 
101844.0  48550.05 99 
101846.0  48548.99 99 
101848.0  48549.01 98 
101850.0  48547.32 99 
101852.0  48547.80 99 
101854.0  48547.52 99 
101856.0  48546.98 98 
101858.0  48546.97 99 
101900.0  48552.09 98 
101902.0  48547.11 99 
101904.0  48548.91 99 
101906.0  48549.01 99 
101908.0  48550.87 98 
101910.0  48548.13 99 
101912.0  48550.39 99 
101914.0  48550.92 99 
101916.0  48546.44 99 
101918.0  48549.51 99 
101920.0  48549.27 99 
101922.0  48550.57 98 
101924.0  48549.91 99 
101926.0  48547.24 99 
101928.0  48551.58 98 
101930.0  48550.36 99 
101932.0  48549.48 99 
101934.0  48551.73 98 
101936.0  48552.53 99 
101938.0  48551.46 99 
101940.0  48551.24 99 
101942.0  48551.86 98 
101944.0  48547.31 99 
101946.0  48551.93 98 
101948.0  48550.99 99 
101950.0  48548.04 98 
101952.0  48551.32 98 
101954.0  48548.72 99 
101956.0  48548.75 99 
101958.0  48548.02 98 
102000.0  48549.24 98 
102002.0  48546.78 99 
102004.0  48547.69 98 
102006.0  48550.39 99 
102008.0  48552.01 99 
102010.0  48551.92 99 
102012.0  48548.86 99 
102014.0  48547.85 99 
102016.0  48550.52 98 
102018.0  48551.37 99 
102020.0  48546.55 99 
102022.0  48550.31 98 
102024.0  48546.93 99 
102026.0  48550.92 99 
102028.0  48547.07 99 
102030.0  48546.66 98 
102032.0  48550.76 89 
102034.0  48548.46 99 
102036.0  48545.75 99 
102038.0  48547.98 99 
102040.0  48549.13 99 
102042.0  48547.79 99 
102044.0  48554.56 99 
102046.0  48547.10 99 
102048.0  48549.55 99 
102050.0  48547.77 99 
102052.0  48547.55 99 
102054.0  48547.58 99 
102056.0  48548.77 99 
102058.0  48546.95 99 
102100.0  48549.75 99 
102102.0  48546.96 98 
102104.0  48545.41 99 
102106.0  48550.48 89 
102108.0  48546.53 99 
102110.0  48550.21 98 
102112.0  48547.87 98 
102114.0  48548.87 99 
102116.0  48546.34 99 
102118.0  48549.21 98 
102120.0  48551.02 99 
102122.0  48554.73 98 
102124.0  48548.85 99 
102126.0  48548.99 99 
102128.0  48548.60 99 
102130.0  48552.64 99 
102132.0  48551.07 98 
102134.0  48547.75 99 
102136.0  48548.22 99 
102138.0  48550.62 99 
102140.0  48545.82 98 
102142.0  48552.16 99 
102144.0  48549.80 99 
102146.0  48549.57 99 
102148.0  48548.80 99 
102150.0  48553.55 99 
102152.0  48548.32 99 
102154.0  48554.04 99 
102156.0  48548.83 99 
102158.0  48549.58 98 
102200.0  48553.30 99 
102202.0  48549.70 99 
102204.0  48550.13 99 
102206.0  48547.64 98 
102208.0  48548.74 99 
102210.0  48548.46 99 
102212.0  48546.97 99 
102214.0  48550.05 98 
102216.0  48551.30 99 
102218.0  48547.46 98 
102220.0  48547.86 99 
102222.0  48549.41 98 
102224.0  48552.80 98 
102226.0  48549.87 99 
102228.0  48549.08 98 
102230.0  48551.83 99 
102232.0  48551.49 98 
102234.0  48550.04 99 
102236.0  48552.16 99 
102238.0  48551.47 99 
102240.0  48550.30 99 
102242.0  48551.14 99 
102244.0  48551.58 98 
102246.0  48549.60 99 
102248.0  48549.51 99 
102250.0  48551.06 99 
102252.0  48547.67 99 
102254.0  48547.42 99 
102256.0  48546.51 98 
102258.0  48553.25 99 
102300.0  48548.82 99 
102302.0  48551.04 99 
102304.0  48549.38 99 
102306.0  48550.99 99 
102308.0  48550.82 99 
102310.0  48550.30 99 
102312.0  48549.81 98 
102314.0  48549.05 99 
102316.0  48549.42 99 
102318.0  48550.99 99 
102320.0  48551.44 98 
102322.0  48546.04 99 
102324.0  48544.95 98 
102326.0  48547.27 99 
102328.0  48548.57 98 
102330.0  48545.43 99 
102332.0  48545.05 98 
102334.0  48544.24 98 
102336.0  48545.04 99 
102338.0  48548.64 98 
102340.0  48545.43 99 
102342.0  48544.34 99 
102344.0  48547.23 98 
102346.0  48548.13 99 
102348.0  48549.79 98 
102350.0  48545.29 98 
102352.0  48546.98 99 
102354.0  48551.04 99 
102356.0  48548.84 99 
102358.0  48550.50 99 
102400.0  48552.43 99 
102402.0  48551.18 99 
102404.0  48550.76 98 
102406.0  48552.09 98 
102408.0  48551.32 99 
102410.0  48547.60 99 
102412.0  48547.68 99 
102414.0  48548.36 98 
102416.0  48551.92 99 
102418.0  48550.10 99 
102420.0  48549.20 99 
102422.0  48547.93 98 
102424.0  48547.03 99 
102426.0  48547.29 99 
102428.0  48548.32 99 
102430.0  48549.51 99 
102432.0  48548.87 99 
102434.0  48550.36 99 
102436.0  48551.84 99 
102438.0  48547.17 99 
102440.0  48549.73 98 
102442.0  48550.68 98 
102444.0  48551.01 98 
102446.0  48549.76 98 
102448.0  48548.62 99 
102450.0  48548.98 99 
102452.0  48546.14 99 
102454.0  48551.48 99 
102456.0  48547.80 98 
102458.0  48548.82 98 
102500.0  48550.33 99 
102502.0  48548.31 99 
102504.0  48550.37 99 
102506.0  48551.49 99 
102508.0  48549.12 99 
102510.0  48551.04 99 
102512.0  48548.87 99 
102514.0  48546.76 99 
102516.0  48546.05 99 
102518.0  48549.99 99 
102520.0  48551.20 99 
102522.0  48547.22 99 
102524.0  48550.84 99 
102526.0  48547.22 99 
102528.0  48545.43 99 
102530.0  48548.72 99 
102532.0  48548.58 99 
102534.0  48549.99 99 
102536.0  48547.37 99 
102538.0  48548.27 99 
102540.0  48550.72 99 
102542.0  48547.65 99 
102544.0  48548.57 99 
102546.0  48550.91 99 
102548.0  48550.93 98 
102550.0  48550.33 99 
102552.0  48552.01 98 
102554.0  48553.63 99 
102556.0  48550.21 99 
102558.0  48552.90 99 
102600.0  48548.45 99 
102602.0  48549.84 99 
102604.0  48549.92 99 
102606.0  48548.68 98 
102608.0  48552.48 98 
102610.0  48547.81 99 
102612.0  48550.03 98 
102614.0  48546.76 98 
102616.0  48549.79 98 
102618.0  48552.14 99 
102620.0  48552.09 99 
102622.0  48546.50 99 
102624.0  48548.65 99 
102626.0  48550.75 99 
102628.0  48550.03 98 
102630.0  48553.50 98 
102632.0  48547.97 99 
102634.0  48549.98 99 
102636.0  48551.11 98 
102638.0  48548.41 99 
102640.0  48548.91 98 
102642.0  48552.07 98 
102644.0  48547.95 98 
102646.0  48549.76 98 
102648.0  48548.77 99 
102650.0  48549.22 99 
102652.0  48551.54 99 
102654.0  48549.76 99 
102656.0  48550.91 99 
102658.0  48549.21 99 
102700.0  48553.27 89 
102702.0  48548.62 98 
102704.0  48552.77 98 
102706.0  48548.95 98 
102708.0  48550.40 99 
102710.0  48548.22 99 
102712.0  48549.37 99 
102714.0  48550.36 98 
102716.0  48548.44 99 
102718.0  48547.85 98 
102720.0  48547.53 99 
102722.0  48549.87 99 
102724.0  48548.32 98 
102726.0  48547.12 99 
102728.0  48550.93 99 
102730.0  48551.42 98 
102732.0  48547.47 99 
102734.0  48546.75 99 
102736.0  48551.75 99 
102738.0  48548.23 99 
102740.0  48549.85 98 
102742.0  48550.56 99 
102744.0  48551.68 99 
102746.0  48550.96 98 
102748.0  48551.11 98 
102750.0  48549.57 98 
102752.0  48548.27 99 
102754.0  48550.23 99 
102756.0  48550.28 99 
102758.0  48550.70 98 
102800.0  48550.00 98 
102802.0  48548.24 98 
102804.0  48547.29 99 
102806.0  48545.52 99 
102808.0  48554.68 99 
102810.0  48556.93 98 
102812.0  48554.73 99 
102814.0  48557.01 99 
102816.0  48552.59 99 
102818.0  48555.92 99 
102820.0  48550.35 99 
102822.0  48548.22 99 
102824.0  48550.76 99 
102826.0  48552.93 99 
102828.0  48548.79 98 
102830.0  48548.41 98 
102832.0  48553.34 98 
102834.0  48551.87 99 
102836.0  48549.70 98 
102838.0  48549.31 99 
102840.0  48550.27 99 
102842.0  48546.40 98 
102844.0  48544.47 98 
102846.0  48547.62 99 
102848.0  48543.44 99 
102850.0  48547.50 99 
102852.0  48544.04 99 
102854.0  48546.71 98 
102856.0  48545.55 99 
102858.0  48544.21 99 
102900.0  48544.81 99 
102902.0  48549.59 99 
102904.0  48548.28 99 
102906.0  48546.14 99 
102908.0  48550.21 98 
102910.0  48548.45 99 
102912.0  48555.10 99 
102914.0  48554.97 97 
102916.0  48556.89 99 
102918.0  48554.29 98 
102920.0  48553.57 98 
102922.0  48548.31 99 
102924.0  48550.01 99 
102926.0  48551.40 99 
102928.0  48547.67 98 
102930.0  48546.54 99 
102932.0  48545.70 99 
102934.0  48549.93 98 
102936.0  48549.68 99 
102938.0  48548.96 99 
102940.0  48550.22 98 
102942.0  48549.97 98 
102944.0  48548.83 99 
102946.0  48550.10 99 
102948.0  48551.54 99 
102950.0  48547.99 99 
102952.0  48549.22 99 
102954.0  48550.10 99 
102956.0  48550.54 99 
102958.0  48549.02 98 
103000.0  48550.36 99 
103002.0  48551.33 99 
103004.0  48549.36 99 
103006.0  48550.99 99 
103008.0  48547.38 98 
103010.0  48548.03 98 
103012.0  48548.79 98 
103014.0  48547.79 99 
103016.0  48548.55 98 
103018.0  48547.00 99 
103020.0  48548.04 88 
103022.0  48544.10 98 
103024.0  48550.58 88 
103026.0  48543.71 99 
103028.0  48549.96 99 
103030.0  48547.85 99 
103032.0  48545.49 99 
103034.0  48549.64 98 
103036.0  48544.06 99 
103038.0  48546.57 99 
103040.0  48548.93 99 
103042.0  48548.73 99 
103044.0  48544.09 99 
103046.0  48545.13 99 
103048.0  48546.03 99 
103050.0  48546.26 99 
103052.0  48549.76 99 
103054.0  48549.85 98 
103056.0  48547.75 99 
103058.0  48554.82 88 
103100.0  48551.08 99 
103102.0  48549.72 99 
103104.0  48548.25 98 
103106.0  48545.18 98 
103108.0  48552.83 97 
103110.0  48548.63 98 
103112.0  48550.56 98 
103114.0  48551.55 99 
103116.0  48546.76 98 
103118.0  48552.64 99 
103120.0  48548.40 99 
103122.0  48551.28 99 
103124.0  48547.01 99 
103126.0  48549.46 99 
103128.0  48550.16 98 
103130.0  48545.37 98 
103132.0  48546.43 98 
103134.0  48547.43 99 
103136.0  48552.78 99 
103138.0  48550.29 98 
103140.0  48546.55 98 
103142.0  48549.85 98 
103144.0  48549.27 98 
103146.0  48549.22 99 
103148.0  48552.77 88 
103150.0  48547.17 99 
103152.0  48546.51 98 
103154.0  48550.06 99 
103156.0  48548.59 98 
103158.0  48549.74 99 
103200.0  48544.49 99 
103202.0  48544.56 98 
103204.0  48544.73 99 
103206.0  48540.30 98 
103208.0  48544.91 98 
103210.0  48542.23 99 
103212.0  48544.62 98 
103214.0  48546.36 99 
103216.0  48547.44 99 
103218.0  48544.47 98 
103220.0  48551.89 98 
103222.0  48545.36 98 
103224.0  48547.82 98 
103226.0  48548.59 99 
103228.0  48548.72 99 
103230.0  48548.33 98 
103232.0  48546.90 99 
103234.0  48552.18 99 
103236.0  48548.56 98 
103238.0  48549.43 99 
103240.0  48549.63 98 
103242.0  48552.16 99 
103244.0  48551.37 99 
103246.0  48548.59 99 
103248.0  48547.83 99 
103250.0  48546.54 99 
103252.0  48549.20 99 
103254.0  48549.18 99 
103256.0  48551.04 99 
103258.0  48551.64 99 
103300.0  48550.44 98 
103302.0  48549.83 99 
103304.0  48547.91 98 
103306.0  48547.09 98 
103308.0  48548.47 99 
103310.0  48550.95 98 
103312.0  48546.36 98 
103314.0  48550.00 98 
103316.0  48550.85 99 
103318.0  48545.17 99 
103320.0  48546.64 98 
103322.0  48546.67 98 
103324.0  48547.46 98 
103326.0  48545.75 99 
103328.0  48547.01 98 
103330.0  48548.80 99 
103332.0  48546.37 99 
103334.0  48547.58 98 
103336.0  48545.81 99 
103338.0  48548.61 99 
103340.0  48546.80 98 
103342.0  48547.83 98 
103344.0  48545.83 99 
103346.0  48549.57 98 
103348.0  48547.75 98 
103350.0  48548.41 98 
103352.0  48547.37 98 
103354.0  48547.40 99 
103356.0  48551.17 98 
103358.0  48549.27 98 
103400.0  48547.70 99 
103402.0  48551.46 98 
103404.0  48550.68 99 
103406.0  48546.41 99 
103408.0  48549.44 98 
103410.0  48549.23 98 
103412.0  48548.71 98 
103414.0  48553.48 98 
103416.0  48550.15 99 
103418.0  48551.67 99 
103420.0  48549.63 98 
103422.0  48547.91 99 
103424.0  48551.61 98 
103426.0  48549.42 99 
103428.0  48552.98 98 
103430.0  48552.91 98 
103432.0  48549.40 98 
103434.0  48548.68 99 
103436.0  48548.31 99 
103438.0  48548.11 99 
103440.0  48550.03 99 
103442.0  48549.47 98 
103444.0  48549.88 99 
103446.0  48550.16 99 
103448.0  48548.40 99 
103450.0  48551.37 98 
103452.0  48547.59 99 
103454.0  48548.19 98 
103456.0  48548.97 99 
103458.0  48550.53 99 
103500.0  48546.89 99 
103502.0  48546.66 98 
103504.0  48547.46 99 
103506.0  48546.60 98 
103508.0  48546.61 99 
103510.0  48544.18 99 
103512.0  48548.66 98 
103514.0  48546.34 98 
103516.0  48544.63 99 
103518.0  48544.81 98 
103520.0  48546.93 98 
103522.0  48544.84 98 
103524.0  48545.13 98 
103526.0  48546.81 98 
103528.0  48544.55 99 
103530.0  48544.46 99 
103532.0  48545.10 99 
103534.0  48547.01 98 
103536.0  48548.86 98 
103538.0  48552.64 99 
103540.0  48552.28 98 
103542.0  48550.56 99 
103544.0  48552.58 98 
103546.0  48546.54 99 
103548.0  48549.98 99 
103550.0  48548.94 98 
103552.0  48550.04 99 
103554.0  48550.33 99 
103556.0  48547.64 98 
103558.0  48549.04 98 
103600.0  48550.11 98 
103602.0  48544.72 99 
103604.0  48546.32 99 
103606.0  48549.89 98 
103608.0  48546.98 99 
103610.0  48547.56 99 
103612.0  48551.42 98 
103614.0  48550.56 98 
103616.0  48549.48 99 
103618.0  48554.17 97 
103620.0  48550.72 98 
103622.0  48547.21 99 
103624.0  48550.15 98 
103626.0  48545.25 99 
103628.0  48551.37 98 
103630.0  48549.77 98 
103632.0  48551.96 99 
103634.0  48549.84 99 
103636.0  48550.82 99 
103638.0  48549.34 98 
103640.0  48549.26 99 
103642.0  48554.20 69 
103644.0  48549.70 99 
103646.0  48549.89 98 
103648.0  48548.58 99 
103650.0  48552.95 98 
103652.0  48547.47 98 
103654.0  48545.81 98 
103656.0  48543.98 98 
103658.0  48545.95 98 
103700.0  48547.00 98 
103702.0  48547.19 98 
103704.0  48548.96 98 
103706.0  48547.54 98 
103708.0  48548.81 99 
103710.0  48547.95 98 
103712.0  48548.53 99 
103714.0  48551.55 89 
103716.0  48548.72 98 
103718.0  48548.54 98 
103720.0  48546.42 99 
103722.0  48547.16 98 
103724.0  48546.03 98 
103726.0  48545.40 98 
103728.0  48550.48 99 
103730.0  48546.84 99 
103732.0  48548.09 89 
103734.0  48544.94 98 
103736.0  48546.37 98 
103738.0  48545.71 99 
103740.0  48545.20 98 
103742.0  48548.73 98 
103744.0  48543.96 99 
103746.0  48548.58 98 
103748.0  48548.73 99 
103750.0  48550.08 98 
103752.0  48548.79 98 
103754.0  48548.98 98 
103756.0  48548.64 98 
103758.0  48545.85 98 
103800.0  48549.88 98 
103802.0  48551.37 98 
103804.0  48549.13 98 
103806.0  48548.18 99 
103808.0  48547.40 98 
103810.0  48545.86 99 
103812.0  48549.84 99 
103814.0  48551.31 99 
103816.0  48554.91 99 
103818.0  48553.10 98 
103820.0  48552.56 99 
103822.0  48552.93 98 
103824.0  48549.54 99 
103826.0  48550.94 98 
103828.0  48549.05 99 
103830.0  48549.20 99 
103832.0  48549.02 98 
103834.0  48548.04 99 
103836.0  48545.01 98 
103838.0  48545.55 99 
103840.0  48549.00 99 
103842.0  48547.43 98 
103844.0  48545.32 98 
103846.0  48546.52 99 
103848.0  48545.36 99 
103850.0  48548.13 98 
103852.0  48547.26 98 
103854.0  48546.36 98 
103856.0  48545.94 99 
103858.0  48545.33 99 
103900.0  48546.86 99 
103902.0  48546.24 99 
103904.0  48547.51 99 
103906.0  48553.18 98 
103908.0  48547.47 99 
103910.0  48546.36 98 
103912.0  48544.08 98 
103914.0  48546.66 98 
103916.0  48550.69 98 
103918.0  48547.40 98 
103920.0  48547.46 98 
103922.0  48547.63 98 
103924.0  48544.39 98 
103926.0  48547.59 98 
103928.0  48551.80 98 
103930.0  48549.88 99 
103932.0  48548.89 98 
103934.0  48548.64 98 
103936.0  48551.49 99 
103938.0  48554.16 98 
103940.0  48549.67 98 
103942.0  48551.10 98 
103944.0  48551.84 98 
103946.0  48549.59 99 
103948.0  48548.88 98 
103950.0  48547.26 99 
103952.0  48544.88 99 
103954.0  48546.15 99 
103956.0  48549.90 99 
103958.0  48545.34 98 
104000.0  48549.53 98 
104002.0  48546.62 99 
104004.0  48552.56 98 
104006.0  48549.52 98 
104008.0  48548.85 99 
104010.0  48548.08 98 
104012.0  48548.39 98 
104014.0  48547.61 98 
104016.0  48547.46 99 
104018.0  48545.04 99 
104020.0  48543.08 98 
104022.0  48540.24 99 
104024.0  48544.95 98 
104026.0  48549.20 98 
104028.0  48547.28 99 
104030.0  48548.21 99 
104032.0  48551.50 98 
104034.0  48547.98 98 
104036.0  48549.73 98 
104038.0  48548.86 99 
104040.0  48546.37 99 
104042.0  48545.84 98 
104044.0  48545.20 99 
104046.0  48546.46 98 
104048.0  48544.18 99 
104050.0  48546.50 99 
104052.0  48546.66 99 
104054.0  48548.70 98 
104056.0  48547.48 99 
104058.0  48546.90 98 
104100.0  48547.39 98 
104102.0  48546.54 99 
104104.0  48550.31 98 
104106.0  48549.69 98 
104108.0  48547.43 98 
104110.0  48545.85 99 
104112.0  48543.76 98 
104114.0  48547.01 99 
104116.0  48550.55 98 
104118.0  48547.17 99 
104120.0  48545.72 99 
104122.0  48545.92 98 
104124.0  48550.43 98 
104126.0  48552.28 88 
104128.0  48548.02 99 
104130.0  48545.03 99 
104132.0  48547.14 98 
104134.0  48546.56 99 
104136.0  48549.22 98 
104138.0  48547.40 98 
104140.0  48552.52 98 
104142.0  48548.16 99 
104144.0  48550.72 99 
104146.0  48551.46 98 
104148.0  48547.47 99 
104150.0  48547.33 98 
104152.0  48551.22 98 
104154.0  48548.78 98 
104156.0  48547.55 98 
104158.0  48545.28 98 
104200.0  48542.60 99 
104202.0  48544.96 99 
104204.0  48545.83 98 
104206.0  48547.00 98 
104208.0  48544.65 99 
104210.0  48542.48 99 
104212.0  48545.47 98 
104214.0  48544.97 98 
104216.0  48544.54 98 
104218.0  48544.52 98 
104220.0  48548.67 98 
104222.0  48548.54 99 
104224.0  48552.00 98 
104226.0  48545.46 99 
104228.0  48547.18 98 
104230.0  48547.37 99 
104232.0  48550.22 99 
104234.0  48549.55 98 
104236.0  48543.33 99 
104238.0  48544.86 99 
104240.0  48545.23 98 
104242.0  48546.48 99 
104244.0  48549.86 98 
104246.0  48545.47 99 
104248.0  48547.00 99 
104250.0  48548.96 99 
104252.0  48545.94 98 
104254.0  48546.70 99 
104256.0  48548.61 98 
104258.0  48548.87 99 
104300.0  48545.97 98 
104302.0  48548.71 98 
104304.0  48546.84 98 
104306.0  48545.76 99 
104308.0  48545.75 99 
104310.0  48548.29 99 
104312.0  48547.06 98 
104314.0  48547.76 98 
104316.0  48546.65 99 
104318.0  48545.81 98 
104320.0  48548.22 98 
104322.0  48545.15 99 
104324.0  48549.09 98 
104326.0  48546.86 99 
104328.0  48548.75 99 
104330.0  48549.19 99 
104332.0  48549.77 99 
104334.0  48549.48 99 
104336.0  48549.05 99 
104338.0  48549.88 98 
104340.0  48549.18 99 
104342.0  48547.50 98 
104344.0  48548.08 98 
104346.0  48549.09 98 
104348.0  48547.09 98 
104350.0  48550.34 98 
104352.0  48546.13 98 
104354.0  48548.77 98 
104356.0  48547.90 98 
104358.0  48546.98 99 
104400.0  48548.14 99 
104402.0  48547.28 98 
104404.0  48545.85 99 
104406.0  48546.09 99 
104408.0  48547.91 99 
104410.0  48549.43 99 
104412.0  48547.25 99 
104414.0  48547.62 98 
104416.0  48546.79 98 
104418.0  48547.25 99 
104420.0  48546.73 98 
104422.0  48548.64 98 
104424.0  48545.17 99 
104426.0  48548.41 98 
104428.0  48544.37 99 
104430.0  48550.53 99 
104432.0  48546.45 98 
104434.0  48544.46 99 
104436.0  48545.99 99 
104438.0  48546.06 98 
104440.0  48545.05 99 
104442.0  48544.85 99 
104444.0  48548.85 98 
104446.0  48548.66 98 
104448.0  48547.70 98 
104450.0  48545.39 99 
104452.0  48545.18 99 
104454.0  48549.73 98 
104456.0  48546.40 99 
104458.0  48546.53 98 
104500.0  48546.98 99 
104502.0  48550.46 98 
104504.0  48545.03 99 
104506.0  48547.65 99 
104508.0  48547.63 99 
104510.0  48547.70 98 
104512.0  48547.03 99 
104514.0  48548.02 98 
104516.0  48546.04 99 
104518.0  48551.32 88 
104520.0  48547.89 98 
104522.0  48549.07 98 
104524.0  48550.67 99 
104526.0  48552.44 98 
104528.0  48548.08 99 
104530.0  48548.27 99 
104532.0  48545.38 99 
104534.0  48547.21 98 
104536.0  48546.40 99 
104538.0  48550.32 98 
104540.0  48550.55 99 
104542.0  48546.66 98 
104544.0  48552.32 99 
104546.0  48543.97 98 
104548.0  48546.92 99 
104550.0  48548.43 99 
104552.0  48542.83 98 
104554.0  48551.68 98 
104556.0  48542.58 99 
104558.0  48547.00 97 
104600.0  48547.54 99 
104602.0  48547.27 97 
104604.0  48546.31 98 
104606.0  48548.04 89 
104608.0  48549.00 98 
104610.0  48544.10 99 
104612.0  48546.07 98 
104614.0  48546.87 98 
104616.0  48545.81 98 
104618.0  48550.11 99 
104620.0  48548.18 99 
104622.0  48546.02 99 
104624.0  48545.45 98 
104626.0  48546.10 99 
104628.0  48547.71 98 
104630.0  48548.29 99 
104632.0  48547.57 99 
104634.0  48547.15 98 
104636.0  48553.73 78 
104638.0  48548.59 99 
104640.0  48546.99 99 
104642.0  48551.05 98 
104644.0  48550.64 99 
104646.0  48550.23 98 
104648.0  48546.79 98 
104650.0  48553.56 88 
104652.0  48547.10 98 
104654.0  48548.77 99 
104656.0  48549.11 99 
104658.0  48544.68 99 
104700.0  48548.62 98 
104702.0  48552.16 98 
104704.0  48547.94 98 
104706.0  48551.54 98 
104708.0  48547.39 99 
104710.0  48547.31 98 
104712.0  48547.33 98 
104714.0  48546.17 98 
104716.0  48548.51 99 
104718.0  48545.58 99 
104720.0  48544.55 99 
104722.0  48546.57 99 
104724.0  48548.00 98 
104726.0  48547.14 98 
104728.0  48544.47 99 
104730.0  48547.67 98 
104732.0  48546.33 98 
104734.0  48549.13 98 
104736.0  48548.98 99 
104738.0  48547.30 98 
104740.0  48550.86 98 
104742.0  48551.89 98 
104744.0  48548.49 99 
104746.0  48549.77 98 
104748.0  48547.31 99 
104750.0  48549.03 88 
104752.0  48546.36 99 
104754.0  48542.55 98 
104756.0  48545.37 98 
104758.0  48544.65 99 
104800.0  48547.81 98 
104802.0  48544.29 98 
104804.0  48544.71 99 
104806.0  48543.11 98 
104808.0  48547.58 99 
104810.0  48544.47 98 
104812.0  48547.82 98 
104814.0  48545.98 98 
104816.0  48546.06 99 
104818.0  48546.11 98 
104820.0  48547.22 98 
104822.0  48547.53 98 
104824.0  48545.20 99 
104826.0  48546.48 99 
104828.0  48546.20 98 
104830.0  48548.27 99 
104832.0  48549.87 98 
104834.0  48546.79 98 
104836.0  48550.45 98 
104838.0  48548.33 98 
104840.0  48544.74 98 
104842.0  48550.77 99 
104844.0  48547.19 98 
104846.0  48549.91 88 
104848.0  48550.12 98 
104850.0  48548.38 98 
104852.0  48546.44 99 
104854.0  48547.09 98 
104856.0  48545.93 98 
104858.0  48544.73 99 
104900.0  48548.57 98 
104902.0  48547.20 99 
104904.0  48546.77 99 
104906.0  48549.61 98 
104908.0  48547.71 99 
104910.0  48546.30 99 
104912.0  48544.53 98 
104914.0  48546.30 98 
104916.0  48549.44 88 
104918.0  48546.39 99 
104920.0  48543.86 98 
104922.0  48547.03 99 
104924.0  48546.01 98 
104926.0  48545.79 99 
104928.0  48549.93 99 
104930.0  48548.97 98 
104932.0  48547.50 98 
104934.0  48548.17 98 
104936.0  48544.83 99 
104938.0  48542.99 98 
104940.0  48544.86 98 
104942.0  48546.72 99 
104944.0  48546.50 98 
104946.0  48548.54 98 
104948.0  48546.97 99 
104950.0  48542.89 98 
104952.0  48544.57 98 
104954.0  48544.72 98 
104956.0  48545.30 98 
104958.0  48548.32 99 
105000.0  48548.61 98 
105002.0  48546.48 98 
105004.0  48546.18 99 
105006.0  48548.27 99 
105008.0  48547.61 99 
105010.0  48547.39 98 
105012.0  48549.26 98 
105014.0  48548.15 99 
105016.0  48546.65 98 
105018.0  48546.84 99 
105020.0  48546.02 98 
105022.0  48548.62 99 
105024.0  48548.35 98 
105026.0  48545.87 98 
105028.0  48548.72 98 
105030.0  48545.05 99 
105032.0  48547.90 88 
105034.0  48544.02 99 
105036.0  48550.10 88 
105038.0  48541.58 99 
105040.0  48545.58 99 
105042.0  48544.04 98 
105044.0  48546.26 98 
105046.0  48543.90 99 
105048.0  48550.68 98 
105050.0  48547.78 99 
105052.0  48549.33 98 
105054.0  48544.72 98 
105056.0  48548.44 99 
105058.0  48544.46 98 
105100.0  48546.88 99 
105102.0  48547.38 98 
105104.0  48545.66 98 
105106.0  48545.15 98 
105108.0  48541.67 98 
105110.0  48546.56 99 
105112.0  48545.81 98 
105114.0  48543.96 99 
105116.0  48545.47 98 
105118.0  48548.12 98 
105120.0  48545.96 98 
105122.0  48547.48 99 
105124.0  48548.62 99 
105126.0  48545.86 99 
105128.0  48546.97 99 
105130.0  48545.02 98 
105132.0  48544.91 99 
105134.0  48547.48 98 
105136.0  48548.36 98 
105138.0  48549.61 99 
105140.0  48544.18 98 
105142.0  48545.06 99 
105144.0  48550.23 98 
105146.0  48549.87 98 
105148.0  48544.85 98 
105150.0  48548.41 98 
105152.0  48546.87 98 
105154.0  48544.72 98 
105156.0  48544.72 99 
105158.0  48546.70 98 
105200.0  48542.52 99 
105202.0  48548.70 98 
105204.0  48544.45 98 
105206.0  48546.51 99 
105208.0  48547.71 98 
105210.0  48544.38 98 
105212.0  48545.91 98 
105214.0  48545.39 99 
105216.0  48544.28 98 
105218.0  48550.61 98 
105220.0  48545.50 98 
105222.0  48548.60 98 
105224.0  48546.22 98 
105226.0  48543.76 98 
105228.0  48542.35 99 
105230.0  48547.35 98 
105232.0  48551.70 98 
105234.0  48544.74 99 
105236.0  48549.65 98 
105238.0  48547.13 98 
105240.0  48547.95 98 
105242.0  48551.37 98 
105244.0  48549.80 98 
105246.0  48550.30 99 
105248.0  48547.80 99 
105250.0  48547.64 98 
105252.0  48549.71 98 
105254.0  48546.29 98 
105256.0  48549.89 88 
105258.0  48546.22 97 
105300.0  48545.08 99 
105302.0  48545.77 98 
105304.0  48544.78 99 
105306.0  48545.09 98 
105308.0  48548.78 99 
105310.0  48546.34 98 
105312.0  48546.62 98 
105314.0  48545.77 99 
105316.0  48544.81 99 
105318.0  48546.87 98 
105320.0  48546.05 98 
105322.0  48543.31 99 
105324.0  48545.55 99 
105326.0  48542.22 99 
105328.0  48547.72 98 
105330.0  48548.21 98 
105332.0  48548.88 98 
105334.0  48544.86 99 
105336.0  48549.39 99 
105338.0  48547.10 98 
105340.0  48548.27 98 
105342.0  48544.76 99 
105344.0  48547.57 99 
105346.0  48549.17 98 
105348.0  48547.98 99 
105350.0  48545.75 99 
105352.0  48550.67 98 
105354.0  48550.61 98 
105356.0  48548.68 99 
105358.0  48547.36 99 
105400.0  48548.95 98 
105402.0  48543.81 98 
105404.0  48545.03 99 
105406.0  48545.54 98 
105408.0  48544.56 99 
105410.0  48547.12 98 
105412.0  48546.54 98 
105414.0  48549.58 99 
105416.0  48551.04 98 
105418.0  48549.74 99 
105420.0  48545.48 98 
105422.0  48547.72 98 
105424.0  48549.24 98 
105426.0  48546.96 98 
105428.0  48547.52 98 
105430.0  48546.38 99 
105432.0  48547.72 98 
105434.0  48546.49 98 
105436.0  48546.44 99 
105438.0  48544.53 98 
105440.0  48550.81 99 
105442.0  48544.86 98 
105444.0  48548.99 98 
105446.0  48542.18 98 
105448.0  48544.22 98 
105450.0  48544.45 99 
105452.0  48544.36 99 
105454.0  48544.68 98 
105456.0  48549.45 99 
105458.0  48546.93 98 
105500.0  48547.14 98 
105502.0  48545.58 99 
105504.0  48551.17 98 
105506.0  48548.73 99 
105508.0  48547.77 98 
105510.0  48546.16 99 
105512.0  48545.49 99 
105514.0  48547.03 99 
105516.0  48547.67 98 
105518.0  48547.26 99 
105520.0  48546.93 99 
105522.0  48547.68 98 
105524.0  48549.69 98 
105526.0  48545.38 99 
105528.0  48547.45 99 
105530.0  48547.52 98 
105532.0  48547.63 98 
105534.0  48547.71 99 
105536.0  48549.01 98 
105538.0  48551.64 88 
105540.0  48548.73 99 
105542.0  48548.82 98 
105544.0  48548.31 98 
105546.0  48548.72 98 
105548.0  48547.25 98 
105550.0  48548.20 99 
105552.0  48551.06 78 
105554.0  48548.58 98 
105556.0  48543.07 98 
105558.0  48544.45 98 
105600.0  48545.37 98 
105602.0  48549.87 99 
105604.0  48543.56 98 
105606.0  48544.71 99 
105608.0  48547.24 98 
105610.0  48542.96 97 
105612.0  48545.14 98 
105614.0  48546.58 98 
105616.0  48546.59 99 
105618.0  48547.40 98 
105620.0  48545.63 99 
105622.0  48547.37 98 
105624.0  48549.27 88 
105626.0  48549.63 98 
105628.0  48546.39 99 
105630.0  48545.46 99 
105632.0  48545.93 99 
105634.0  48547.11 98 
105636.0  48548.24 98 
105638.0  48546.19 98 
105640.0  48551.12 98 
105642.0  48547.22 99 
105644.0  48552.33 98 
105646.0  48548.41 97 
105648.0  48550.92 99 
105650.0  48546.26 98 
105652.0  48550.05 99 
105654.0  48549.80 97 
105656.0  48550.01 99 
105658.0  48548.17 98 
105700.0  48546.59 99 
105702.0  48545.45 98 
105704.0  48548.01 99 
105706.0  48548.04 99 
105708.0  48547.21 99 
105710.0  48548.38 98 
105712.0  48551.84 98 
105714.0  48550.71 98 
105716.0  48550.49 98 
105718.0  48546.90 98 
105720.0  48547.73 98 
105722.0  48549.61 97 
105724.0  48544.21 99 
105726.0  48550.13 98 
105728.0  48547.01 98 
105730.0  48545.23 98 
105732.0  48546.07 99 
105734.0  48546.11 98 
105736.0  48547.08 99 
105738.0  48548.91 99 
105740.0  48548.53 98 
105742.0  48547.71 99 
105744.0  48548.85 98 
105746.0  48547.09 98 
105748.0  48543.57 99 
105750.0  48544.33 98 
105752.0  48548.80 98 
105754.0  48546.83 98 
105756.0  48544.97 99 
105758.0  48548.90 98 
105800.0  48550.41 98 
105802.0  48548.39 99 
105804.0  48550.50 98 
105806.0  48548.08 98 
105808.0  48549.62 98 
105810.0  48546.33 98 
105812.0  48547.36 97 
105814.0  48549.34 98 
105816.0  48548.60 98 
105818.0  48545.98 98 
105820.0  48549.19 98 
105822.0  48550.21 98 
105824.0  48546.20 98 
105826.0  48549.52 98 
105828.0  48546.84 99 
105830.0  48544.16 98 
105832.0  48549.71 98 
105834.0  48547.30 98 
105836.0  48549.14 98 
105838.0  48542.17 98 
105840.0  48547.26 98 
105842.0  48547.73 98 
105844.0  48548.93 98 
105846.0  48550.77 99 
105848.0  48548.81 98 
105850.0  48550.26 98 
105852.0  48550.25 98 
105854.0  48546.56 98 
105856.0  48546.65 98 
105858.0  48549.38 87 
105900.0  48544.68 98 
105902.0  48542.83 99 
105904.0  48550.57 98 
105906.0  48546.35 98 
105908.0  48548.06 98 
105910.0  48545.77 98 
105912.0  48545.77 98 
105914.0  48545.60 99 
105916.0  48550.19 98 
105918.0  48548.59 98 
105920.0  48545.42 98 
105922.0  48549.34 98 
105924.0  48548.94 97 
105926.0  48543.38 98 
105928.0  48546.47 98 
105930.0  48548.24 99 
105932.0  48544.07 98 
105934.0  48546.16 99 
105936.0  48547.43 98 
105938.0  48546.88 98 
105940.0  48545.65 99 
105942.0  48546.71 98 
105944.0  48547.81 99 
105946.0  48547.77 97 
105948.0  48544.30 98 
105950.0  48550.11 78 
105952.0  48547.91 98 
105954.0  48547.20 98 
105956.0  48545.84 98 
105958.0  48546.12 98 
110000.0  48546.03 98 
110002.0  48549.11 98 
110004.0  48544.45 98 
110006.0  48544.97 98 
110008.0  48547.45 98 
110010.0  48544.18 98 
110012.0  48543.98 98 
110014.0  48542.85 99 
110016.0  48546.16 98 
110018.0  48544.34 98 
110020.0  48550.20 98 
110022.0  48549.67 98 
110024.0  48551.09 98 
110026.0  48548.27 98 
110028.0  48547.95 99 
110030.0  48549.26 98 
110032.0  48548.44 98 
110034.0  48546.49 97 
110036.0  48545.76 98 
110038.0  48546.36 98 
110040.0  48547.20 99 
110042.0  48548.69 89 
110044.0  48546.71 98 
110046.0  48547.43 98 
110048.0  48545.86 98 
110050.0  48544.50 98 
110052.0  48542.88 99 
110054.0  48547.39 97 
110056.0  48545.73 99 
110058.0  48548.76 98 
110100.0  48545.02 99 
110102.0  48541.91 98 
110104.0  48540.95 98 
110106.0  48544.29 97 
110108.0  48547.26 98 
110110.0  48547.60 98 
110112.0  48547.35 98 
110114.0  48547.55 97 
110116.0  48543.39 99 
110118.0  48546.92 98 
110120.0  48548.39 98 
110122.0  48548.98 98 
110124.0  48545.82 98 
110126.0  48546.94 98 
110128.0  48548.04 98 
110130.0  48543.78 98 
110132.0  48549.32 88 
110134.0  48544.52 98 
110136.0  48550.33 98 
110138.0  48544.07 97 
110140.0  48543.54 98 
110142.0  48545.94 97 
110144.0  48547.60 98 
110146.0  48546.92 99 
110148.0  48543.45 98 
110150.0  48542.27 98 
110152.0  48548.16 98 
110154.0  48546.38 98 
110156.0  48548.49 98 
110158.0  48547.74 99 
110200.0  48545.54 98 
110202.0  48545.49 99 
110204.0  48547.30 98 
110206.0  48546.16 98 
110208.0  48547.49 98 
110210.0  48544.83 98 
110212.0  48542.23 98 
110214.0  48543.62 98 
110216.0  48546.33 98 
110218.0  48543.26 98 
110220.0  48545.36 99 
110222.0  48545.43 88 
110224.0  48539.88 98 
110226.0  48544.57 98 
110228.0  48545.27 98 
110230.0  48549.22 98 
110232.0  48544.49 99 
110234.0  48546.28 98 
110236.0  48543.84 99 
110238.0  48546.48 99 
110240.0  48542.73 98 
110242.0  48546.04 98 
110244.0  48547.88 98 
110246.0  48544.78 98 
110248.0  48546.69 99 
110250.0  48547.54 98 
110252.0  48548.17 97 
110254.0  48546.49 98 
110256.0  48546.33 99 
110258.0  48545.58 99 
110300.0  48550.07 98 
110302.0  48545.56 98 
110304.0  48547.88 98 
110306.0  48546.54 98 
110308.0  48546.06 88 
110310.0  48542.49 98 
110312.0  48543.24 98 
110314.0  48545.96 98 
110316.0  48547.78 97 
110318.0  48544.96 98 
110320.0  48542.44 99 
110322.0  48544.83 98 
110324.0  48544.26 99 
110326.0  48547.97 98 
110328.0  48543.54 99 
110330.0  48545.77 98 
110332.0  48542.92 98 
110334.0  48544.18 98 
110336.0  48548.11 88 
110338.0  48544.44 97 
110340.0  48545.93 98 
110342.0  48542.68 98 
110344.0  48543.65 99 
110346.0  48545.93 99 
110348.0  48548.19 98 
110350.0  48544.47 98 
110352.0  48547.34 98 
110354.0  48547.37 99 
110356.0  48545.66 98 
110358.0  48547.97 98 
110400.0  48545.49 98 
110402.0  48548.00 98 
110404.0  48544.01 98 
110406.0  48549.69 98 
110408.0  48543.21 98 
110410.0  48543.96 98 
110412.0  48543.15 99 
110414.0  48540.03 98 
110416.0  48543.76 98 
110418.0  48545.16 98 
110420.0  48545.03 98 
110422.0  48543.00 98 
110424.0  48544.87 98 
110426.0  48544.81 98 
110428.0  48544.75 99 
110430.0  48545.70 98 
110432.0  48543.69 98 
110434.0  48547.75 99 
110436.0  48548.31 98 
110438.0  48542.81 98 
110440.0  48545.05 98 
110442.0  48543.76 97 
110444.0  48546.96 97 
110446.0  48547.56 98 
110448.0  48546.32 98 
110450.0  48546.21 99 
110452.0  48547.40 98 
110454.0  48545.64 98 
110456.0  48545.65 98 
110458.0  48543.19 98 
110500.0  48550.65 97 
110502.0  48547.60 98 
110504.0  48545.20 97 
110506.0  48545.00 98 
110508.0  48543.98 98 
110510.0  48545.56 99 
110512.0  48542.45 98 
110514.0  48545.93 99 
110516.0  48543.32 98 
110518.0  48542.81 98 
110520.0  48543.16 99 
110522.0  48547.05 99 
110524.0  48548.18 98 
110526.0  48545.95 98 
110528.0  48547.04 98 
110530.0  48545.75 99 
110532.0  48547.48 98 
110534.0  48546.29 98 
110536.0  48543.86 98 
110538.0  48545.09 98 
110540.0  48542.30 98 
110542.0  48546.28 98 
110544.0  48545.28 99 
110546.0  48540.64 98 
110548.0  48547.58 98 
110550.0  48544.48 99 
110552.0  48541.85 99 
110554.0  48547.09 98 
110556.0  48543.50 99 
110558.0  48547.16 98 
110600.0  48545.45 98 
110602.0  48543.62 98 
110604.0  48543.66 98 
110606.0  48543.66 99 
110608.0  48544.05 98 
110610.0  48544.92 98 
110612.0  48547.14 98 
110614.0  48543.18 98 
110616.0  48546.77 98 
110618.0  48544.98 98 
110620.0  48546.09 98 
110622.0  48550.76 88 
110624.0  48549.43 98 
110626.0  48545.73 98 
110628.0  48548.04 98 
110630.0  48545.57 98 
110632.0  48546.60 97 
110634.0  48546.72 98 
110636.0  48543.54 98 
110638.0  48544.02 98 
110640.0  48546.99 98 
110642.0  48547.28 98 
110644.0  48547.15 98 
110646.0  48546.09 98 
110648.0  48546.14 98 
110650.0  48544.68 98 
110652.0  48547.28 98 
110654.0  48546.66 98 
110656.0  48546.36 98 
110658.0  48545.03 98 
110700.0  48549.90 97 
110702.0  48550.12 98 
110704.0  48545.53 98 
110706.0  48544.68 98 
110708.0  48547.64 98 
110710.0  48544.94 99 
110712.0  48547.66 98 
110714.0  48545.68 97 
110716.0  48543.66 98 
110718.0  48544.69 98 
110720.0  48547.42 88 
110722.0  48544.46 98 
110724.0  48548.91 98 
110726.0  48545.20 98 
110728.0  48545.50 98 
110730.0  48543.46 98 
110732.0  48545.19 98 
110734.0  48544.05 98 
110736.0  48547.89 98 
110738.0  48551.02 98 
110740.0  48551.71 88 
110742.0  48545.77 98 
110744.0  48547.45 98 
110746.0  48545.98 99 
110748.0  48548.62 98 
110750.0  48548.76 98 
110752.0  48548.68 98 
110754.0  48547.15 99 
110756.0  48549.13 99 
110758.0  48545.89 98 
110800.0  48545.89 98 
110802.0  48547.88 98 
110804.0  48550.36 98 
110806.0  48549.12 98 
110808.0  48545.46 99 
110810.0  48547.73 98 
110812.0  48544.73 98 
110814.0  48545.05 98 
110816.0  48547.23 98 
110818.0  48548.52 98 
110820.0  48546.72 98 
110822.0  48542.65 98 
110824.0  48546.33 99 
110826.0  48547.91 98 
110828.0  48544.31 97 
110830.0  48546.22 98 
110832.0  48547.11 98 
110834.0  48545.21 98 
110836.0  48541.60 99 
110838.0  48545.22 98 
110840.0  48544.47 98 
110842.0  48544.11 98 
110844.0  48541.78 98 
110846.0  48543.05 99 
110848.0  48547.05 98 
110850.0  48544.31 98 
110852.0  48544.68 99 
110854.0  48545.06 98 
110856.0  48542.70 99 
110858.0  48545.54 98 
110900.0  48546.16 88 
110902.0  48545.67 98 
110904.0  48545.52 98 
110906.0  48545.10 99 
110908.0  48544.99 98 
110910.0  48545.01 98 
110912.0  48545.30 98 
110914.0  48545.15 98 
110916.0  48545.21 98 
110918.0  48544.93 98 
110920.0  48549.30 98 
110922.0  48544.14 99 
110924.0  48546.13 98 
110926.0  48549.25 98 
110928.0  48547.62 98 
110930.0  48542.05 98 
110932.0  48542.83 99 
110934.0  48549.40 88 
110936.0  48544.12 98 
110938.0  48549.86 98 
110940.0  48546.94 98 
110942.0  48546.35 98 
110944.0  48548.19 98 
110946.0  48546.46 99 
110948.0  48547.45 98 
110950.0  48547.77 98 
110952.0  48548.03 98 
110954.0  48547.88 98 
110956.0  48548.26 99 
110958.0  48548.00 98 
111000.0  48549.71 98 
111002.0  48546.58 98 
111004.0  48543.59 99 
111006.0  48543.12 99 
111008.0  48550.06 98 
111010.0  48545.33 98 
111012.0  48543.58 99 
111014.0  48540.44 98 
111016.0  48543.40 98 
111018.0  48547.20 98 
111020.0  48548.02 98 
111022.0  48546.32 98 
111024.0  48545.70 98 
111026.0  48545.53 97 
111028.0  48546.66 98 
111030.0  48544.98 98 
111032.0  48545.14 98 
111034.0  48547.49 99 
111036.0  48544.13 98 
111038.0  48544.07 98 
111040.0  48546.68 99 
111042.0  48543.31 98 
111044.0  48545.48 98 
111046.0  48545.88 99 
111048.0  48545.22 99 
111050.0  48547.99 98 
111052.0  48547.75 98 
111054.0  48543.96 98 
111056.0  48548.06 98 
111058.0  48543.70 98 
111100.0  48542.97 98 
111102.0  48548.45 88 
111104.0  48545.08 98 
111106.0  48543.24 99 
111108.0  48546.34 98 
111110.0  48544.75 98 
111112.0  48545.74 98 
111114.0  48547.38 98 
111116.0  48546.74 97 
111118.0  48549.15 88 
111120.0  48545.41 98 
111122.0  48542.56 98 
111124.0  48543.47 98 
111126.0  48542.62 99 
111128.0  48544.48 98 
111130.0  48542.00 98 
111132.0  48543.07 98 
111134.0  48547.23 98 
111136.0  48547.06 98 
111138.0  48547.38 98 
111140.0  48545.86 98 
111142.0  48547.00 97 
111144.0  48546.11 99 
111146.0  48548.92 88 
111148.0  48546.78 98 
111150.0  48545.57 98 
111152.0  48541.43 98 
111154.0  48546.05 98 
111156.0  48544.32 98 
111158.0  48540.54 98 
111200.0  48542.24 98 
111202.0  48541.69 97 
111204.0  48540.36 99 
111206.0  48543.44 98 
111208.0  48547.60 98 
111210.0  48545.96 98 
111212.0  48546.26 98 
111214.0  48549.40 98 
111216.0  48549.29 88 
111218.0  48544.53 98 
111220.0  48544.02 98 
111222.0  48541.36 98 
111224.0  48543.71 98 
111226.0  48546.47 98 
111228.0  48545.49 98 
111230.0  48544.44 98 
111232.0  48548.47 98 
111234.0  48546.63 98 
111236.0  48545.64 98 
111238.0  48547.20 98 
111240.0  48546.69 98 
111242.0  48545.94 98 
111244.0  48544.38 98 
111246.0  48542.36 99 
111248.0  48545.80 98 
111250.0  48546.02 98 
111252.0  48544.29 98 
111254.0  48544.69 99 
111256.0  48546.11 98 
111258.0  48547.00 99 
111300.0  48544.50 98 
111302.0  48544.95 98 
111304.0  48545.16 98 
111306.0  48541.00 98 
111308.0  48542.73 99 
111310.0  48546.05 98 
111312.0  48546.28 98 
111314.0  48544.34 98 
111316.0  48547.26 98 
111318.0  48546.50 98 
111320.0  48542.27 98 
111322.0  48542.96 98 
111324.0  48543.87 98 
111326.0  48548.02 98 
111328.0  48544.95 98 
111330.0  48543.90 98 
111332.0  48543.72 98 
111334.0  48545.24 99 
111336.0  48548.10 88 
111338.0  48541.62 98 
111340.0  48542.27 99 
111342.0  48541.02 99 
111344.0  48546.07 98 
111346.0  48542.37 98 
111348.0  48546.19 98 
111350.0  48544.52 98 
111352.0  48543.65 99 
111354.0  48542.45 98 
111356.0  48544.77 98 
111358.0  48542.48 98 
111400.0  48544.63 98 
111402.0  48548.52 98 
111404.0  48547.32 97 
111406.0  48553.42 98 
111408.0  48553.83 98 
111410.0  48550.57 98 
111412.0  48551.17 98 
111414.0  48545.97 98 
111416.0  48553.46 88 
111418.0  48546.17 98 
111420.0  48549.04 98 
111422.0  48548.78 98 
111424.0  48546.30 98 
111426.0  48544.22 98 
111428.0  48543.66 98 
111430.0  48545.65 88 
111432.0  48551.63 98 
111434.0  48552.44 88 
111436.0  48547.71 98 
111438.0  48546.55 99 
111440.0  48547.78 98 
111442.0  48545.99 98 
111444.0  48546.61 98 
111446.0  48548.20 98 
111448.0  48545.77 98 
111450.0  48545.54 98 
111452.0  48546.24 98 
111454.0  48545.50 98 
111456.0  48544.79 98 
111458.0  48546.84 98 
111500.0  48542.84 98 
111502.0  48542.54 98 
111504.0  48545.79 98 
111506.0  48543.85 98 
111508.0  48544.11 98 
111510.0  48541.98 98 
111512.0  48547.45 88 
111514.0  48541.73 98 
111516.0  48547.94 98 
111518.0  48542.63 98 
111520.0  48545.88 98 
111522.0  48544.61 98 
111524.0  48542.95 98 
111526.0  48543.67 98 
111528.0  48543.93 99 
111530.0  48546.38 98 
111532.0  48543.57 98 
111534.0  48544.93 98 
111536.0  48543.21 98 
111538.0  48544.80 98 
111540.0  48543.93 98 
111542.0  48546.44 97 
111544.0  48547.81 88 
111546.0  48544.65 99 
111548.0  48548.50 98 
111550.0  48547.85 99 
111552.0  48548.81 98 
111554.0  48546.61 98 
111556.0  48550.93 98 
111558.0  48550.22 98 
111600.0  48545.78 98 
111602.0  48546.68 98 
111604.0  48545.03 98 
111606.0  48542.10 99 
111608.0  48545.41 98 
111610.0  48543.00 98 
111612.0  48543.27 99 
111614.0  48545.05 98 
111616.0  48540.25 98 
111618.0  48544.86 98 
111620.0  48544.42 98 
111622.0  48545.55 98 
111624.0  48546.81 98 
111626.0  48544.12 98 
111628.0  48542.80 98 
111630.0  48544.27 98 
111632.0  48542.44 98 
111634.0  48545.55 98 
111636.0  48543.87 99 
111638.0  48547.22 98 
111640.0  48542.59 98 
111642.0  48543.88 98 
111644.0  48544.10 97 
111646.0  48545.61 99 
111648.0  48547.89 88 
111650.0  48542.61 97 
111652.0  48542.23 98 
111654.0  48547.40 97 
111656.0  48547.81 99 
111658.0  48546.78 98 
111700.0  48549.16 98 
111702.0  48544.37 98 
111704.0  48543.21 98 
111706.0  48543.97 99 
111708.0  48546.21 98 
111710.0  48544.36 98 
111712.0  48546.03 98 
111714.0  48548.11 98 
111716.0  48549.43 98 
111718.0  48545.55 98 
111720.0  48548.13 98 
111722.0  48549.81 98 
111724.0  48545.02 98 
111726.0  48546.94 99 
111728.0  48544.73 98 
111730.0  48545.12 98 
111732.0  48546.14 98 
111734.0  48546.85 98 
111736.0  48548.15 98 
111738.0  48549.33 98 
111740.0  48545.84 98 
111742.0  48550.23 88 
111744.0  48548.03 98 
111746.0  48546.97 98 
111748.0  48545.75 98 
111750.0  48542.15 98 
111752.0  48543.59 99 
111754.0  48545.90 98 
111756.0  48545.33 98 
111758.0  48548.68 98 
111800.0  48546.65 98 
111802.0  48546.80 98 
111804.0  48543.56 98 
111806.0  48545.49 98 
111808.0  48541.21 98 
111810.0  48544.49 99 
111812.0  48546.72 98 
111814.0  48546.75 98 
111816.0  48548.67 98 
111818.0  48545.57 98 
111820.0  48548.47 98 
111822.0  48545.04 99 
111824.0  48546.02 98 
111826.0  48548.58 98 
111828.0  48547.22 98 
111830.0  48549.60 98 
111832.0  48545.01 99 
111834.0  48546.70 98 
111836.0  48545.29 98 
111838.0  48544.53 98 
111840.0  48547.88 98 
111842.0  48546.39 97 
111844.0  48543.49 98 
111846.0  48547.00 98 
111848.0  48548.04 98 
111850.0  48544.47 99 
111852.0  48544.10 98 
111854.0  48544.67 98 
111856.0  48543.93 98 
111858.0  48544.83 98 
111900.0  48546.02 98 
111902.0  48544.83 99 
111904.0  48542.98 98 
111906.0  48546.20 99 
111908.0  48547.52 98 
111910.0  48545.18 98 
111912.0  48546.17 98 
111914.0  48548.81 98 
111916.0  48548.50 99 
111918.0  48544.57 98 
111920.0  48548.07 98 
111922.0  48544.42 98 
111924.0  48548.52 98 
111926.0  48545.59 98 
111928.0  48548.47 98 
111930.0  48547.18 98 
111932.0  48548.16 98 
111934.0  48545.99 98 
111936.0  48548.73 98 
111938.0  48549.74 98 
111940.0  48544.58 98 
111942.0  48546.28 98 
111944.0  48546.97 98 
111946.0  48544.20 98 
111948.0  48543.24 97 
111950.0  48548.09 98 
111952.0  48542.65 98 
111954.0  48543.39 98 
111956.0  48546.97 98 
111958.0  48546.99 98 
112000.0  48541.44 99 
112002.0  48544.41 98 
112004.0  48542.40 98 
112006.0  48546.36 98 
112008.0  48545.10 98 
112010.0  48544.94 98 
112012.0  48543.49 98 
112014.0  48547.79 98 
112016.0  48544.83 99 
112018.0  48541.71 98 
112020.0  48546.39 98 
112022.0  48545.49 99 
112024.0  48544.54 98 
112026.0  48545.02 98 
112028.0  48546.14 98 
112030.0  48545.22 98 
112032.0  48544.56 99 
112034.0  48544.68 97 
112036.0  48545.55 99 
112038.0  48546.84 98 
112040.0  48546.07 98 
112042.0  48547.04 98 
112044.0  48545.84 98 
112046.0  48545.63 98 
112048.0  48547.15 98 
112050.0  48544.28 98 
112052.0  48545.38 98 
112054.0  48544.39 98 
112056.0  48544.65 98 
112058.0  48542.96 98 
112100.0  48548.33 78 
112102.0  48543.83 98 
112104.0  48547.10 98 
112106.0  48544.94 99 
112108.0  48547.95 99 
112110.0  48545.95 98 
112112.0  48546.30 99 
112114.0  48542.40 98 
112116.0  48543.52 98 
112118.0  48541.56 98 
112120.0  48544.34 98 
112122.0  48540.16 98 
112124.0  48541.56 98 
112126.0  48545.76 98 
112128.0  48547.45 98 
112130.0  48543.53 98 
112132.0  48548.72 98 
112134.0  48547.02 97 
112136.0  48544.67 98 
112138.0  48547.50 99 
112140.0  48546.05 98 
112142.0  48545.81 98 
112144.0  48542.52 98 
112146.0  48542.64 98 
112148.0  48543.74 97 
112150.0  48547.45 98 
112152.0  48544.38 98 
112154.0  48545.22 98 
112156.0  48549.90 97 
112158.0  48545.28 98 
112200.0  48544.77 98 
112202.0  48545.77 98 
112204.0  48544.47 99 
112206.0  48545.62 98 
112208.0  48547.37 98 
112210.0  48541.01 99 
112212.0  48542.31 98 
112214.0  48542.96 98 
112216.0  48546.34 88 
112218.0  48544.78 98 
112220.0  48542.53 98 
112222.0  48546.12 98 
112224.0  48542.93 98 
112226.0  48544.43 98 
112228.0  48547.29 98 
112230.0  48543.62 98 
112232.0  48546.61 98 
112234.0  48544.44 98 
112236.0  48544.43 98 
112238.0  48545.86 98 
112240.0  48542.60 98 
112242.0  48541.99 98 
112244.0  48544.98 98 
112246.0  48544.53 98 
112248.0  48542.39 99 
112250.0  48545.56 97 
112252.0  48548.00 78 
112254.0  48543.83 99 
112256.0  48542.80 98 
112258.0  48543.64 98 
112300.0  48548.75 98 
112302.0  48546.15 98 
112304.0  48547.27 98 
112306.0  48543.41 98 
112308.0  48544.16 98 
112310.0  48545.82 97 
112312.0  48545.88 98 
112314.0  48544.79 98 
112316.0  48545.41 98 
112318.0  48547.56 98 
112320.0  48545.80 98 
112322.0  48545.54 98 
112324.0  48545.37 98 
112326.0  48545.05 98 
112328.0  48543.49 98 
112330.0  48548.44 98 
112332.0  48544.78 98 
112334.0  48542.49 98 
112336.0  48543.59 98 
112338.0  48547.77 98 
112340.0  48544.61 97 
112342.0  48542.42 99 
112344.0  48544.27 99 
112346.0  48543.09 98 
112348.0  48542.08 98 
112350.0  48547.34 98 
112352.0  48545.38 98 
112354.0  48543.84 98 
112356.0  48548.20 98 
112358.0  48544.78 97 
112400.0  48549.52 98 
112402.0  48544.49 99 
112404.0  48546.46 98 
112406.0  48545.18 98 
112408.0  48543.72 99 
112410.0  48543.60 98 
112412.0  48544.25 99 
112414.0  48543.96 98 
112416.0  48544.95 88 
112418.0  48546.68 98 
112420.0  48546.32 98 
112422.0  48543.12 98 
112424.0  48546.94 98 
112426.0  48542.83 98 
112428.0  48547.41 98 
112430.0  48546.43 98 
112432.0  48545.51 98 
112434.0  48548.47 98 
112436.0  48546.63 98 
112438.0  48546.90 98 
112440.0  48543.06 98 
112442.0  48546.38 98 
112444.0  48545.12 98 
112446.0  48545.86 98 
112448.0  48541.26 98 
112450.0  48539.70 97 
112452.0  48543.37 88 
112454.0  48540.36 98 
112456.0  48543.35 98 
112458.0  48541.76 99 
112500.0  48540.07 98 
112502.0  48542.77 98 
112504.0  48543.13 97 
112506.0  48543.40 98 
112508.0  48543.23 98 
112510.0  48546.09 98 
112512.0  48546.81 98 
112514.0  48542.39 98 
112516.0  48547.59 98 
112518.0  48546.59 97 
112520.0  48542.83 98 
112522.0  48545.13 98 
112524.0  48546.16 98 
112526.0  48542.94 98 
112528.0  48544.25 98 
112530.0  48542.36 98 
112532.0  48547.42 98 
112534.0  48542.25 98 
112536.0  48548.06 98 
112538.0  48542.17 98 
112540.0  48543.44 98 
112542.0  48541.79 98 
112544.0  48545.82 97 
112546.0  48542.11 98 
112548.0  48542.92 97 
112550.0  48545.16 98 
112552.0  48547.00 98 
112554.0  48546.05 98 
112556.0  48546.49 88 
112558.0  48548.60 98 
112600.0  48540.38 98 
112602.0  48542.23 98 
112604.0  48540.37 98 
112606.0  48539.83 98 
112608.0  48542.99 98 
112610.0  48544.91 98 
112612.0  48540.64 98 
112614.0  48541.50 97 
112616.0  48542.03 98 
112618.0  48547.94 89 
112620.0  48544.14 97 
112622.0  48546.85 97 
112624.0  48541.32 98 
112626.0  48541.77 98 
112628.0  48543.43 97 
112630.0  48542.61 98 
112632.0  48545.83 88 
112634.0  48544.00 98 
112636.0  48544.41 98 
112638.0  48543.98 98 
112640.0  48544.05 98 
112642.0  48543.82 98 
112644.0  48539.67 99 
112646.0  48542.19 97 
112648.0  48542.88 98 
112650.0  48545.08 98 
112652.0  48548.08 87 
112654.0  48545.16 98 
112656.0  48544.91 98 
112658.0  48547.62 98 
112700.0  48543.62 97 
112702.0  48545.18 98 
112704.0  48543.92 98 
112706.0  48546.47 97 
112708.0  48550.58 97 
112710.0  48543.67 98 
112712.0  48541.35 98 
112714.0  48544.43 97 
112716.0  48547.21 98 
112718.0  48545.36 98 
112720.0  48545.68 98 
112722.0  48546.02 98 
112724.0  48544.73 97 
112726.0  48543.60 99 
112728.0  48548.34 98 
112730.0  48546.35 98 
112732.0  48545.57 98 
112734.0  48546.08 98 
112736.0  48544.13 99 
112738.0  48545.97 98 
112740.0  48544.51 98 
112742.0  48543.37 97 
112744.0  48546.23 98 
112746.0  48545.42 98 
112748.0  48543.90 98 
112750.0  48546.76 88 
112752.0  48541.78 98 
112754.0  48541.09 98 
112756.0  48543.47 98 
112758.0  48543.05 98 
112800.0  48541.11 98 
112802.0  48543.15 99 
112804.0  48542.20 99 
112806.0  48542.55 98 
112808.0  48545.42 97 
112810.0  48541.56 98 
112812.0  48542.26 98 
112814.0  48543.84 98 
112816.0  48547.41 87 
112818.0  48545.43 98 
112820.0  48543.25 98 
112822.0  48549.69 98 
112824.0  48544.71 98 
112826.0  48546.04 98 
112828.0  48544.87 99 
112830.0  48548.29 78 
112832.0  48546.22 99 
112834.0  48547.70 97 
112836.0  48542.48 98 
112838.0  48550.39 88 
112840.0  48548.16 98 
112842.0  48544.17 98 
112844.0  48544.47 98 
112846.0  48543.78 99 
112848.0  48542.73 98 
112850.0  48546.54 99 
112852.0  48543.60 98 
112854.0  48546.76 99 
112856.0  48545.21 98 
112858.0  48546.23 98 
112900.0  48543.31 98 
112902.0  48548.46 98 
112904.0  48548.09 97 
112906.0  48545.73 98 
112908.0  48547.39 98 
112910.0  48547.30 98 
112912.0  48543.10 98 
112914.0  48545.83 99 
112916.0  48546.07 98 
112918.0  48544.78 97 
112920.0  48545.63 98 
112922.0  48549.48 99 
112924.0  48542.71 99 
112926.0  48545.27 98 
112928.0  48545.25 99 
112930.0  48550.07 68 
112932.0  48547.87 98 
112934.0  48546.18 98 
112936.0  48545.38 98 
112938.0  48544.89 97 
112940.0  48545.49 98 
112942.0  48546.54 98 
112944.0  48546.04 98 
112946.0  48543.38 97 
112948.0  48542.18 98 
112950.0  48540.51 98 
112952.0  48545.08 98 
112954.0  48544.96 98 
112956.0  48544.56 98 
112958.0  48545.32 98 
113000.0  48543.79 98 
113002.0  48545.21 98 
113004.0  48545.62 98 
113006.0  48544.32 98 
113008.0  48545.55 98 
113010.0  48544.63 98 
113012.0  48544.64 98 
113014.0  48546.60 98 
113016.0  48546.50 99 
113018.0  48544.55 99 
113020.0  48543.56 98 
113022.0  48546.30 98 
113024.0  48543.88 98 
113026.0  48547.86 97 
113028.0  48542.92 98 
113030.0  48543.28 98 
113032.0  48544.26 98 
113034.0  48545.09 98 
113036.0  48539.60 98 
113038.0  48543.97 98 
113040.0  48542.95 98 
113042.0  48545.29 98 
113044.0  48541.84 98 
113046.0  48545.38 98 
113048.0  48543.92 98 
113050.0  48543.64 99 
113052.0  48545.49 98 
113054.0  48548.83 77 
113056.0  48542.29 98 
113058.0  48544.45 98 
113100.0  48543.34 99 
113102.0  48543.90 98 
113104.0  48546.45 97 
113106.0  48548.08 97 
113108.0  48541.84 98 
113110.0  48544.19 98 
113112.0  48541.90 98 
113114.0  48543.41 98 
113116.0  48541.94 98 
113118.0  48543.43 98 
113120.0  48543.71 98 
113122.0  48542.10 97 
113124.0  48546.10 98 
113126.0  48542.83 98 
113128.0  48539.52 98 
113130.0  48544.39 98 
113132.0  48543.92 99 
113134.0  48543.87 98 
113136.0  48542.98 98 
113138.0  48541.04 98 
113140.0  48543.62 98 
113142.0  48540.13 98 
113144.0  48544.36 98 
113146.0  48542.73 98 
113148.0  48545.39 97 
113150.0  48541.58 98 
113152.0  48545.57 97 
113154.0  48542.92 98 
113156.0  48543.78 98 
113158.0  48544.26 98 
113200.0  48545.26 98 
113202.0  48545.95 98 
113204.0  48545.60 98 
113206.0  48545.13 99 
113208.0  48545.98 98 
113210.0  48544.16 98 
113212.0  48542.67 98 
113214.0  48547.34 97 
113216.0  48545.35 98 
113218.0  48543.54 98 
113220.0  48545.26 87 
113222.0  48542.64 98 
113224.0  48544.51 98 
113226.0  48543.24 98 
113228.0  48544.81 98 
113230.0  48541.50 98 
113232.0  48540.62 98 
113234.0  48545.08 98 
113236.0  48542.08 98 
113238.0  48542.62 98 
113240.0  48543.69 98 
113242.0  48546.51 97 
113244.0  48541.01 98 
113246.0  48543.36 98 
113248.0  48546.34 98 
113250.0  48548.12 98 
113252.0  48545.26 98 
113254.0  48543.38 98 
113256.0  48547.28 98 
113258.0  48543.31 98 
113300.0  48542.95 99 
113302.0  48543.75 98 
113304.0  48541.78 98 
113306.0  48542.80 97 
113308.0  48550.97 78 
113310.0  48547.94 98 
113312.0  48548.17 98 
113314.0  48543.15 99 
113316.0  48543.11 99 
113318.0  48545.83 98 
113320.0  48546.91 98 
113322.0  48544.50 98 
113324.0  48543.69 98 
113326.0  48547.16 98 
113328.0  48544.60 98 
113330.0  48551.03 97 
113332.0  48547.55 99 
113334.0  48544.45 98 
113336.0  48546.76 98 
113338.0  48544.32 98 
113340.0  48538.98 97 
113342.0  48544.25 98 
113344.0  48545.67 99 
113346.0  48541.65 98 
113348.0  48541.77 99 
113350.0  48543.28 99 
113352.0  48544.09 98 
113354.0  48542.16 98 
113356.0  48547.25 98 
113358.0  48544.36 99 
113400.0  48545.62 98 
113402.0  48543.47 98 
113404.0  48542.54 98 
113406.0  48544.76 98 
113408.0  48545.09 98 
113410.0  48547.54 98 
113412.0  48544.39 98 
113414.0  48546.16 98 
113416.0  48543.86 99 
113418.0  48543.41 98 
113420.0  48546.62 97 
113422.0  48545.10 98 
113424.0  48547.52 98 
113426.0  48544.46 99 
113428.0  48546.18 98 
113430.0  48544.48 98 
113432.0  48544.72 98 
113434.0  48544.91 97 
113436.0  48546.04 98 
113438.0  48544.11 98 
113440.0  48542.84 98 
113442.0  48545.56 98 
113444.0  48547.24 97 
113446.0  48547.22 98 
113448.0  48542.53 98 
113450.0  48544.22 98 
113452.0  48548.08 99 
113454.0  48548.26 98 
113456.0  48546.73 98 
113458.0  48544.52 98 
113500.0  48547.80 98 
113502.0  48543.98 97 
113504.0  48544.41 98 
113506.0  48546.33 98 
113508.0  48545.42 99 
113510.0  48549.72 97 
113512.0  48546.37 98 
113514.0  48543.03 98 
113516.0  48545.09 98 
113518.0  48543.99 98 
113520.0  48547.66 97 
113522.0  48544.51 99 
113524.0  48548.72 88 
113526.0  48547.91 98 
113528.0  48542.22 98 
113530.0  48548.21 98 
113532.0  48548.35 97 
113534.0  48545.63 99 
113536.0  48545.48 98 
113538.0  48546.29 99 
113540.0  48542.96 98 
113542.0  48546.32 98 
113544.0  48543.72 98 
113546.0  48543.25 98 
113548.0  48542.04 98 
113550.0  48546.53 98 
113552.0  48545.91 98 
113554.0  48544.49 98 
113556.0  48543.20 98 
113558.0  48546.29 97 
113600.0  48543.09 98 
113602.0  48544.56 98 
113604.0  48543.64 98 
113606.0  48545.96 98 
113608.0  48545.56 98 
113610.0  48544.12 98 
113612.0  48544.79 98 
113614.0  48543.61 98 
113616.0  48544.46 98 
113618.0  48543.49 98 
113620.0  48543.02 98 
113622.0  48543.82 98 
113624.0  48543.47 99 
113626.0  48542.55 99 
113628.0  48544.16 98 
113630.0  48547.14 98 
113632.0  48546.65 97 
113634.0  48544.65 98 
113636.0  48547.10 97 
113638.0  48543.83 99 
113640.0  48546.07 98 
113642.0  48544.97 98 
113644.0  48544.12 98 
113646.0  48545.26 98 
113648.0  48545.07 98 
113650.0  48544.45 97 
113652.0  48544.29 97 
113654.0  48546.81 98 
113656.0  48542.83 98 
113658.0  48542.33 97 
113700.0  48544.07 98 
113702.0  48543.66 99 
113704.0  48541.91 97 
113706.0  48543.95 97 
113708.0  48544.53 99 
113710.0  48546.46 97 
113712.0  48543.63 97 
113714.0  48544.01 98 
113716.0  48549.32 98 
113718.0  48547.86 98 
113720.0  48545.54 98 
113722.0  48544.61 98 
113724.0  48544.67 99 
113726.0  48545.11 99 
113728.0  48544.39 98 
113730.0  48541.97 98 
113732.0  48544.15 98 
113734.0  48545.22 98 
113736.0  48546.31 98 
113738.0  48547.04 97 
113740.0  48549.20 98 
113742.0  48544.65 98 
113744.0  48545.83 98 
113746.0  48549.07 98 
113748.0  48548.38 98 
113750.0  48550.25 88 
113752.0  48548.26 98 
113754.0  48545.50 98 
113756.0  48543.81 98 
113758.0  48545.41 98 
113800.0  48547.86 98 
113802.0  48543.94 98 
113804.0  48544.50 98 
113806.0  48543.24 98 
113808.0  48544.16 98 
113810.0  48541.25 98 
113812.0  48537.70 98 
113814.0  48545.38 98 
113816.0  48543.40 97 
113818.0  48546.53 98 
113820.0  48544.38 97 
113822.0  48550.94 68 
113824.0  48544.82 98 
113826.0  48543.36 98 
113828.0  48545.73 97 
113830.0  48546.42 98 
113832.0  48548.13 98 
113834.0  48545.71 98 
113836.0  48547.72 98 
113838.0  48544.80 98 
113840.0  48543.37 98 
113842.0  48546.25 98 
113844.0  48544.15 99 
113846.0  48545.34 98 
113848.0  48548.72 97 
113850.0  48549.32 99 
113852.0  48550.38 98 
113854.0  48550.32 98 
113856.0  48546.82 99 
113858.0  48546.29 98 
113900.0  48543.66 98 
113902.0  48547.37 98 
113904.0  48546.12 98 
113906.0  48546.26 88 
113908.0  48546.38 98 
113910.0  48546.29 98 
113912.0  48544.72 97 
113914.0  48547.27 97 
113916.0  48542.55 99 
113918.0  48547.24 98 
113920.0  48545.60 98 
113922.0  48549.32 98 
113924.0  48544.40 98 
113926.0  48547.17 88 
113928.0  48544.97 98 
113930.0  48545.90 98 
113932.0  48545.06 98 
113934.0  48549.34 98 
113936.0  48546.56 98 
113938.0  48546.44 98 
113940.0  48548.90 98 
113942.0  48549.08 98 
113944.0  48544.65 97 
113946.0  48543.11 98 
113948.0  48546.16 98 
113950.0  48540.97 97 
113952.0  48540.86 98 
113954.0  48549.79 98 
113956.0  48548.69 97 
113958.0  48545.21 97 
114000.0  48544.75 99 
114002.0  48546.02 98 
114004.0  48542.12 98 
114006.0  48548.16 97 
114008.0  48548.91 99 
114010.0  48545.77 98 
114012.0  48547.27 98 
114014.0  48545.58 98 
114016.0  48550.26 98 
114018.0  48543.30 98 
114020.0  48542.51 98 
114022.0  48547.16 98 
114024.0  48547.75 98 
114026.0  48543.67 98 
114028.0  48542.31 99 
114030.0  48547.61 97 
114032.0  48546.56 98 
114034.0  48544.38 98 
114036.0  48542.73 98 
114038.0  48544.47 98 
114040.0  48543.09 98 
114042.0  48543.38 98 
114044.0  48549.52 87 
114046.0  48544.91 99 
114048.0  48542.91 98 
114050.0  48544.93 98 
114052.0  48546.10 97 
114054.0  48546.28 97 
114056.0  48548.96 88 
114058.0  48545.75 97 
114100.0  48547.07 98 
114102.0  48544.20 98 
114104.0  48543.03 97 
114106.0  48546.41 98 
114108.0  48544.27 98 
114110.0  48546.68 98 
114112.0  48544.92 98 
114114.0  48546.83 99 
114116.0  48546.44 98 
114118.0  48545.62 98 
114120.0  48546.23 98 
114122.0  48546.70 98 
114124.0  48545.65 98 
114126.0  48542.62 98 
114128.0  48544.92 97 
114130.0  48543.90 98 
114132.0  48547.41 98 
114134.0  48545.15 98 
114136.0  48540.17 98 
114138.0  48542.54 99 
114140.0  48539.91 98 
114142.0  48543.38 98 
114144.0  48544.28 98 
114146.0  48543.75 98 
114148.0  48544.99 98 
114150.0  48545.97 98 
114152.0  48544.58 98 
114154.0  48546.53 97 
114156.0  48544.35 98 
114158.0  48540.21 98 
114200.0  48540.98 98 
114202.0  48543.95 99 
114204.0  48545.51 97 
114206.0  48542.59 97 
114208.0  48544.32 97 
114210.0  48541.42 98 
114212.0  48543.91 98 
114214.0  48543.57 97 
114216.0  48547.23 98 
114218.0  48546.11 97 
114220.0  48542.40 98 
114222.0  48540.33 98 
114224.0  48548.45 88 
114226.0  48546.57 97 
114228.0  48543.57 98 
114230.0  48544.50 97 
114232.0  48548.53 98 
114234.0  48546.33 98 
114236.0  48550.60 78 
114238.0  48543.84 98 
114240.0  48547.23 98 
114242.0  48546.24 98 
114244.0  48549.48 78 
114246.0  48544.76 98 
114248.0  48544.12 98 
114250.0  48548.14 98 
114252.0  48551.18 97 
114254.0  48549.16 78 
114256.0  48544.74 98 
114258.0  48545.82 98 
114300.0  48545.59 97 
114302.0  48545.16 98 
114304.0  48543.26 98 
114306.0  48547.79 98 
114308.0  48545.79 98 
114310.0  48550.13 97 
114312.0  48548.74 98 
114314.0  48545.27 98 
114316.0  48547.36 97 
114318.0  48544.29 99 
114320.0  48545.37 98 
114322.0  48542.24 97 
114324.0  48542.02 98 
114326.0  48542.26 98 
114328.0  48548.72 98 
114330.0  48543.64 98 
114332.0  48545.04 98 
114334.0  48546.95 98 
114336.0  48548.23 97 
114338.0  48541.20 98 
114340.0  48543.63 98 
114342.0  48545.30 98 
114344.0  48544.74 98 
114346.0  48545.36 98 
114348.0  48546.46 97 
114350.0  48543.01 98 
114352.0  48545.17 98 
114354.0  48543.62 98 
114356.0  48547.14 99 
114358.0  48547.56 97 
114400.0  48544.46 98 
114402.0  48546.12 98 
114404.0  48543.86 97 
114406.0  48541.95 98 
114408.0  48547.29 97 
114410.0  48545.33 98 
114412.0  48542.13 98 
114414.0  48546.10 98 
114416.0  48546.40 97 
114418.0  48545.96 98 
114420.0  48547.08 98 
114422.0  48549.48 97 
114424.0  48548.38 98 
114426.0  48546.17 98 
114428.0  48546.41 98 
114430.0  48548.07 98 
114432.0  48542.00 97 
114434.0  48540.74 98 
114436.0  48544.09 98 
114438.0  48545.40 98 
114440.0  48544.25 98 
114442.0  48543.16 98 
114444.0  48541.78 98 
114446.0  48543.27 97 
114448.0  48545.89 98 
114450.0  48546.75 88 
114452.0  48539.43 98 
114454.0  48542.27 98 
114456.0  48539.19 98 
114458.0  48545.73 98 
114500.0  48542.92 98 
114502.0  48543.92 98 
114504.0  48543.14 98 
114506.0  48544.22 98 
114508.0  48543.13 98 
114510.0  48543.44 98 
114512.0  48543.60 98 
114514.0  48544.77 97 
114516.0  48540.60 98 
114518.0  48543.29 98 
114520.0  48548.53 88 
114522.0  48549.74 97 
114524.0  48546.47 97 
114526.0  48545.07 98 
114528.0  48547.54 88 
114530.0  48545.23 98 
114532.0  48543.03 98 
114534.0  48545.05 98 
114536.0  48545.80 98 
114538.0  48544.06 98 
114540.0  48544.82 98 
114542.0  48546.85 97 
114544.0  48544.21 98 
114546.0  48548.24 98 
114548.0  48542.22 97 
114550.0  48544.93 98 
114552.0  48547.74 78 
114554.0  48548.97 88 
114556.0  48548.92 98 
114558.0  48545.58 98 
114600.0  48547.48 98 
114602.0  48542.43 98 
114604.0  48546.53 98 
114606.0  48540.99 98 
114608.0  48543.13 98 
114610.0  48545.77 98 
114612.0  48539.34 98 
114614.0  48545.80 98 
114616.0  48543.45 88 
114618.0  48541.41 98 
114620.0  48542.30 97 
114622.0  48548.27 97 
114624.0  48544.51 98 
114626.0  48543.01 98 
114628.0  48547.22 78 
114630.0  48541.63 98 
114632.0  48543.98 97 
114634.0  48545.39 98 
114636.0  48545.93 98 
114638.0  48547.86 87 
114640.0  48544.49 98 
114642.0  48544.69 97 
114644.0  48548.65 98 
114646.0  48546.51 98 
114648.0  48548.79 88 
114650.0  48548.09 98 
114652.0  48543.43 98 
114654.0  48544.66 98 
114656.0  48544.64 98 
114658.0  48542.19 98 
114700.0  48550.31 88 
114702.0  48542.03 98 
114704.0  48548.56 98 
114706.0  48548.78 98 
114708.0  48546.09 98 
114710.0  48543.54 98 
114712.0  48541.42 98 
114714.0  48542.27 98 
114716.0  48545.54 98 
114718.0  48541.31 98 
114720.0  48549.53 98 
114722.0  48546.86 98 
114724.0  48545.59 97 
114726.0  48545.89 97 
114728.0  48546.67 97 
114730.0  48547.34 88 
114732.0  48543.69 97 
114734.0  48545.61 97 
114736.0  48542.95 97 
114738.0  48545.82 98 
114740.0  48547.80 88 
114742.0  48549.83 87 
114744.0  48547.77 97 
114746.0  48543.40 98 
114748.0  48544.08 98 
114750.0  48543.22 98 
114752.0  48543.66 98 
114754.0  48546.41 98 
114756.0  48547.13 98 
114758.0  48546.43 98 
114800.0  48548.93 97 
114802.0  48547.76 97 
114804.0  48546.08 97 
114806.0  48550.30 97 
114808.0  48545.32 98 
114810.0  48542.80 98 
114812.0  48544.79 98 
114814.0  48540.56 98 
114816.0  48544.21 98 
114818.0  48543.10 97 
114820.0  48546.12 97 
114822.0  48546.74 98 
114824.0  48549.44 98 
114826.0  48546.81 98 
114828.0  48548.79 98 
114830.0  48544.72 98 
114832.0  48543.49 98 
114834.0  48541.68 98 
114836.0  48542.05 98 
114838.0  48544.70 98 
114840.0  48547.07 97 
114842.0  48548.75 97 
114844.0  48545.01 98 
114846.0  48546.65 98 
114848.0  48543.09 98 
114850.0  48540.35 99 
114852.0  48543.12 98 
114854.0  48542.97 98 
114856.0  48544.13 98 
114858.0  48544.28 98 
114900.0  48545.23 98 
114902.0  48542.70 98 
114904.0  48541.35 99 
114906.0  48544.02 98 
114908.0  48545.50 98 
114910.0  48542.00 99 
114912.0  48543.69 98 
114914.0  48543.55 98 
114916.0  48545.80 98 
114918.0  48547.50 98 
114920.0  48548.19 98 
114922.0  48543.35 98 
114924.0  48544.78 98 
114926.0  48546.19 97 
114928.0  48543.82 98 
114930.0  48547.98 78 
114932.0  48547.59 98 
114934.0  48548.68 98 
114936.0  48543.53 98 
114938.0  48544.39 97 
114940.0  48547.03 98 
114942.0  48547.67 98 
114944.0  48545.41 98 
114946.0  48545.29 98 
114948.0  48547.20 98 
114950.0  48542.40 98 
114952.0  48544.05 97 
114954.0  48547.04 97 
114956.0  48543.94 98 
114958.0  48545.21 97 
115000.0  48548.22 98 
115002.0  48548.85 97 
115004.0  48546.22 98 
115006.0  48548.00 98 
115008.0  48544.33 98 
115010.0  48544.61 98 
115012.0  48548.69 88 
115014.0  48545.17 97 
115016.0  48547.41 97 
115018.0  48544.86 98 
115020.0  48544.70 98 
115022.0  48543.70 98 
115024.0  48541.86 98 
115026.0  48542.64 88 
115028.0  48543.74 98 
115030.0  48541.54 97 
115032.0  48540.40 97 
115034.0  48542.30 98 
115036.0  48542.04 98 
115038.0  48546.69 97 
115040.0  48545.85 98 
115042.0  48546.28 98 
115044.0  48544.04 98 
115046.0  48542.59 98 
115048.0  48545.26 98 
115050.0  48546.07 97 
115052.0  48546.42 98 
115054.0  48546.99 98 
115056.0  48549.97 97 
115058.0  48545.42 98 
115100.0  48543.83 98 
115102.0  48543.77 98 
115104.0  48546.69 98 
115106.0  48543.86 98 
115108.0  48542.96 97 
115110.0  48544.13 97 
115112.0  48543.98 97 
115114.0  48546.90 97 
115116.0  48542.07 98 
115118.0  48543.03 98 
115120.0  48541.86 98 
115122.0  48542.25 99 
115124.0  48542.49 98 
115126.0  48545.44 98 
115128.0  48542.96 97 
115130.0  48543.80 98 
115132.0  48543.16 98 
115134.0  48542.65 98 
115136.0  48544.47 98 
115138.0  48544.23 98 
115140.0  48546.55 97 
115142.0  48545.53 97 
115144.0  48546.95 98 
115146.0  48543.29 98 
115148.0  48548.14 97 
115150.0  48545.81 98 
115152.0  48542.23 98 
115154.0  48543.29 98 
115156.0  48544.07 97 
115158.0  48545.86 98 
115200.0  48545.23 97 
115202.0  48544.59 97 
115204.0  48545.26 98 
115206.0  48543.34 98 
115208.0  48545.84 98 
115210.0  48546.14 98 
115212.0  48539.99 98 
115214.0  48542.58 98 
115216.0  48543.15 98 
115218.0  48541.90 98 
115220.0  48542.71 98 
115222.0  48545.06 97 
115224.0  48540.93 98 
115226.0  48544.81 97 
115228.0  48543.87 98 
115230.0  48543.64 98 
115232.0  48545.66 88 
115234.0  48546.98 87 
115236.0  48545.89 98 
115238.0  48544.49 98 
115240.0  48542.21 99 
115242.0  48545.25 98 
115244.0  48546.56 98 
115246.0  48547.30 88 
115248.0  48545.15 98 
115250.0  48548.54 98 
115252.0  48541.86 98 
115254.0  48543.62 98 
115256.0  48541.77 98 
115258.0  48541.54 97 
115300.0  48542.32 98 
115302.0  48540.74 98 
115304.0  48541.61 99 
115306.0  48546.89 98 
115308.0  48550.35 87 
115310.0  48543.69 97 
115312.0  48545.04 97 
115314.0  48542.20 99 
115316.0  48548.20 98 
115318.0  48547.57 97 
115320.0  48543.90 98 
115322.0  48546.48 98 
115324.0  48544.64 97 
115326.0  48542.31 97 
115328.0  48544.17 97 
115330.0  48540.78 97 
115332.0  48543.31 97 
115334.0  48550.12 87 
115336.0  48548.89 87 
115338.0  48547.01 97 
115340.0  48545.02 98 
115342.0  48546.80 98 
115344.0  48542.52 98 
115346.0  48544.84 97 
115348.0  48539.97 97 
115350.0  48542.29 98 
115352.0  48539.40 98 
115354.0  48545.76 97 
115356.0  48540.91 98 
115358.0  48541.53 98 
115400.0  48541.66 98 
115402.0  48545.75 98 
115404.0  48543.49 97 
115406.0  48545.82 98 
115408.0  48548.47 98 
115410.0  48543.96 98 
115412.0  48550.12 87 
115414.0  48545.70 97 
115416.0  48548.58 98 
115418.0  48548.54 98 
115420.0  48548.97 98 
115422.0  48549.70 97 
115424.0  48547.47 98 
115426.0  48546.01 98 
115428.0  48549.34 98 
115430.0  48551.35 77 
115432.0  48549.79 88 
115434.0  48547.77 97 
115436.0  48548.90 97 
115438.0  48543.24 98 
115440.0  48543.39 97 
115442.0  48547.18 97 
115444.0  48548.11 98 
115446.0  48547.69 98 
115448.0  48550.10 98 
115450.0  48545.80 98 
115452.0  48549.50 88 
115454.0  48544.86 98 
115456.0  48545.00 97 
115458.0  48545.10 98 
115500.0  48546.24 98 
115502.0  48544.87 97 
115504.0  48545.50 97 
115506.0  48543.87 98 
115508.0  48546.89 87 
115510.0  48544.02 98 
115512.0  48541.57 98 
115514.0  48540.72 98 
115516.0  48544.54 97 
115518.0  48539.37 97 
115520.0  48542.95 98 
115522.0  48541.59 98 
115524.0  48544.38 97 
115526.0  48544.33 98 
115528.0  48543.11 98 
115530.0  48546.32 98 
115532.0  48548.12 98 
115534.0  48544.63 98 
115536.0  48548.28 98 
115538.0  48542.50 98 
115540.0  48545.02 98 
115542.0  48548.07 88 
115544.0  48548.52 87 
115546.0  48544.57 98 
115548.0  48543.43 98 
115550.0  48546.64 98 
115552.0  48544.37 98 
115554.0  48546.28 97 
115556.0  48545.47 98 
115558.0  48545.11 97 
115600.0  48545.93 97 
115602.0  48542.00 98 
115604.0  48543.10 98 
115606.0  48545.61 97 
115608.0  48542.32 97 
115610.0  48541.54 97 
115612.0  48543.43 98 
115614.0  48544.85 98 
115616.0  48548.17 98 
115618.0  48544.96 98 
115620.0  48543.47 97 
115622.0  48545.83 97 
115624.0  48545.94 98 
115626.0  48543.34 97 
115628.0  48543.63 98 
115630.0  48542.45 97 
115632.0  48544.50 97 
115634.0  48546.77 97 
115636.0  48545.62 98 
115638.0  48542.35 98 
115640.0  48545.51 97 
115642.0  48546.13 98 
115644.0  48548.12 98 
115646.0  48546.74 98 
115648.0  48546.39 97 
115650.0  48542.16 98 
115652.0  48544.22 98 
115654.0  48549.13 97 
115656.0  48544.52 98 
115658.0  48546.69 97 
115700.0  48550.12 98 
115702.0  48550.32 97 
115704.0  48547.05 97 
115706.0  48543.92 98 
115708.0  48546.67 98 
115710.0  48549.38 97 
115712.0  48544.31 97 
115714.0  48546.57 97 
115716.0  48543.11 98 
115718.0  48548.45 88 
115720.0  48541.41 97 
115722.0  48546.85 97 
115724.0  48545.43 98 
115726.0  48545.65 98 
115728.0  48545.18 98 
115730.0  48545.33 87 
115732.0  48544.07 98 
115734.0  48541.89 98 
115736.0  48541.93 98 
115738.0  48543.11 98 
115740.0  48540.02 97 
115742.0  48546.74 88 
115744.0  48541.96 98 
115746.0  48546.00 87 
115748.0  48543.46 97 
115750.0  48544.05 98 
115752.0  48545.56 87 
115754.0  48544.56 98 
115756.0  48547.51 97 
115758.0  48548.00 98 
115800.0  48548.24 98 
115802.0  48544.93 98 
115804.0  48542.18 97 
115806.0  48544.72 98 
115808.0  48544.77 98 
115810.0  48546.68 97 
115812.0  48547.78 98 
115814.0  48549.38 97 
115816.0  48546.65 98 
115818.0  48546.99 98 
115820.0  48545.40 98 
115822.0  48548.05 98 
115824.0  48549.56 97 
115826.0  48548.36 97 
115828.0  48544.35 97 
115830.0  48547.09 97 
115832.0  48545.78 98 
115834.0  48545.14 97 
115836.0  48541.37 97 
115838.0  48546.08 97 
115840.0  48544.27 98 
115842.0  48547.81 97 
115844.0  48544.92 97 
115846.0  48545.15 98 
115848.0  48542.52 98 
115850.0  48542.12 98 
115852.0  48543.72 97 
115854.0  48544.34 97 
115856.0  48543.37 97 
115858.0  48545.74 97 
115900.0  48548.19 97 
115902.0  48542.31 98 
115904.0  48543.76 98 
115906.0  48543.39 97 
115908.0  48543.92 97 
115910.0  48543.91 97 
115912.0  48543.32 97 
115914.0  48543.06 97 
115916.0  48545.44 97 
115918.0  48546.06 98 
115920.0  48542.52 97 
115922.0  48547.08 97 
115924.0  48546.56 97 
115926.0  48546.25 98 
115928.0  48545.96 98 
115930.0  48545.16 97 
115932.0  48547.75 97 
115934.0  48544.89 97 
115936.0  48542.94 97 
115938.0  48546.31 97 
115940.0  48549.32 87 
115942.0  48542.48 97 
115944.0  48542.76 97 
115946.0  48549.97 98 
115948.0  48543.73 97 
115950.0  48544.45 98 
115952.0  48542.94 98 
115954.0  48546.11 98 
115956.0  48546.85 97 
115958.0  48546.19 98 
120000.0  48542.14 98 
120002.0  48546.67 77 
120004.0  48543.99 97 
120006.0  48546.98 97 
120008.0  48545.59 97 
120010.0  48546.79 98 
120012.0  48544.82 97 
120014.0  48543.81 98 
120016.0  48547.36 98 
120018.0  48546.91 97 
120020.0  48542.53 98 
120022.0  48542.82 98 
120024.0  48542.05 98 
120026.0  48544.47 98 
120028.0  48539.72 97 
120030.0  48543.34 97 
120032.0  48541.47 98 
120034.0  48538.80 97 
120036.0  48547.28 77 
120038.0  48544.25 98 
120040.0  48545.69 98 
120042.0  48541.38 97 
120044.0  48542.09 97 
120046.0  48541.95 98 
120048.0  48542.23 97 
120050.0  48540.88 98 
120052.0  48546.57 96 
120054.0  48542.18 97 
120056.0  48543.38 98 
120058.0  48542.43 98 
120100.0  48542.70 98 
120102.0  48547.11 97 
120104.0  48545.24 97 
120106.0  48541.92 98 
120108.0  48546.78 87 
120110.0  48545.65 97 
120112.0  48542.69 97 
120114.0  48543.37 97 
120116.0  48541.17 97 
120118.0  48546.05 97 
120120.0  48546.32 98 
120122.0  48542.77 97 
120124.0  48543.94 97 
120126.0  48540.28 98 
120128.0  48543.83 97 
120130.0  48544.73 98 
120132.0  48547.40 87 
120134.0  48543.74 98 
120136.0  48542.82 98 
120138.0  48547.99 87 
120140.0  48545.30 97 
120142.0  48544.12 96 
120144.0  48546.75 97 
120146.0  48544.70 97 
120148.0  48540.42 97 
120150.0  48539.97 97 
120152.0  48547.06 77 
120154.0  48544.06 98 
120156.0  48546.81 87 
120158.0  48543.53 97 
120200.0  48542.88 98 
120202.0  48546.20 87 
120204.0  48542.81 98 
120206.0  48539.98 97 
120208.0  48545.08 97 
120210.0  48544.43 97 
120212.0  48542.06 98 
120214.0  48542.92 97 
120216.0  48545.68 87 
120218.0  48545.11 99 
120220.0  48550.33 77 
120222.0  48546.28 97 
120224.0  48545.63 97 
120226.0  48545.84 98 
120228.0  48547.84 97 
120230.0  48544.43 97 
120232.0  48548.15 87 
120234.0  48543.88 97 
120236.0  48546.74 97 
120238.0  48547.69 98 
120240.0  48547.45 96 
120242.0  48545.14 97 
120244.0  48545.51 97 
120246.0  48543.58 97 
120248.0  48544.92 98 
120250.0  48547.91 67 
120252.0  48544.61 97 
120254.0  48547.29 98 
120256.0  48546.08 87 
120258.0  48543.80 98 
120300.0  48544.91 88 
120302.0  48544.79 97 
120304.0  48543.67 98 
120306.0  48540.53 97 
120308.0  48543.75 97 
120310.0  48540.69 97 
120312.0  48542.33 97 
120314.0  48543.15 97 
120316.0  48542.47 97 
120318.0  48544.71 97 
120320.0  48542.82 98 
120322.0  48544.63 97 
120324.0  48545.57 97 
120326.0  48544.36 97 
120328.0  48546.78 96 
120330.0  48547.94 97 
120332.0  48543.21 97 
120334.0  48545.31 97 
120336.0  48544.08 98 
120338.0  48544.68 98 
120340.0  48543.83 97 
120342.0  48542.01 97 
120344.0  48540.81 77 
120346.0  48543.05 87 
120348.0  48544.90 88 
120350.0  48545.51 98 
120352.0  48548.61 88 
120354.0  48543.67 97 
120356.0  48547.29 97 
120358.0  48547.08 98 
120400.0  48545.17 98 
120402.0  48548.00 97 
120404.0  48545.95 97 
120406.0  48546.17 97 
120408.0  48545.56 98 
120410.0  48551.08 67 
120412.0  48542.21 97 
120414.0  48541.47 97 
120416.0  48543.46 97 
120418.0  48546.77 96 
120420.0  48548.22 97 
120422.0  48544.63 97 
120424.0  48544.62 97 
120426.0  48546.39 97 
120428.0  48546.41 97 
120430.0  48543.44 98 
120432.0  48544.79 97 
120434.0  48544.99 97 
120436.0  48545.26 98 
120438.0  48544.11 97 
120440.0  48547.61 97 
120442.0  48545.99 98 
120444.0  48546.28 97 
120446.0  48544.75 97 
120448.0  48545.51 96 
120450.0  48542.64 97 
120452.0  48544.02 97 
120454.0  48544.62 98 
120456.0  48542.29 97 
120458.0  48543.63 98 
120500.0  48545.38 96 
120502.0  48546.93 97 
120504.0  48543.45 97 
120506.0  48547.76 97 
120508.0  48547.75 97 
120510.0  48544.46 97 
120512.0  48547.33 97 
120514.0  48545.99 98 
120516.0  48542.78 97 
120518.0  48541.72 97 
120520.0  48546.75 87 
120522.0  48546.55 87 
120524.0  48541.90 97 
120526.0  48546.28 88 
120528.0  48545.22 97 
120530.0  48543.15 98 
120532.0  48542.38 98 
120534.0  48545.03 97 
120536.0  48546.46 98 
120538.0  48546.08 98 
120540.0  48547.96 97 
120542.0  48548.48 87 
120544.0  48548.43 87 
120546.0  48547.32 97 
120548.0  48547.52 97 
120550.0  48544.68 97 
120552.0  48543.85 98 
120554.0  48545.57 97 
120556.0  48545.11 97 
120558.0  48548.73 97 
120600.0  48547.14 97 
120602.0  48542.89 97 
120604.0  48543.30 98 
120606.0  48543.78 97 
120608.0  48541.59 98 
120610.0  48544.71 97 
120612.0  48546.15 97 
120614.0  48546.21 78 
120616.0  48545.01 98 
120618.0  48546.05 97 
120620.0  48550.74 86 
120622.0  48546.87 97 
120624.0  48546.63 97 
120626.0  48545.74 97 
120628.0  48543.31 97 
120630.0  48545.59 77 
120632.0  48545.51 97 
120634.0  48544.22 97 
120636.0  48542.35 97 
120638.0  48544.96 97 
120640.0  48543.46 97 
120642.0  48547.68 97 
120644.0  48547.66 87 
120646.0  48542.78 97 
120648.0  48542.52 98 
120650.0  48545.10 97 
120652.0  48546.35 97 
120654.0  48547.04 97 
120656.0  48549.49 96 
120658.0  48546.28 97 
120700.0  48547.12 97 
120702.0  48541.50 97 
120704.0  48539.24 97 
120706.0  48544.69 87 
120708.0  48546.53 87 
120710.0  48542.62 97 
120712.0  48544.64 96 
120714.0  48549.96 87 
120716.0  48547.92 97 
120718.0  48545.45 87 
120720.0  48544.77 97 
120722.0  48547.17 87 
120724.0  48549.39 67 
120726.0  48541.88 97 
120728.0  48548.53 77 
120730.0  48544.24 97 
120732.0  48545.89 97 
120734.0  48544.53 97 
120736.0  48544.20 97 
120738.0  48543.58 97 
120740.0  48544.30 97 
120742.0  48542.72 97 
120744.0  48544.65 87 
120746.0  48547.55 87 
120748.0  48547.12 98 
120750.0  48543.52 98 
120752.0  48547.11 96 
120754.0  48541.17 97 
120756.0  48543.45 97 
120758.0  48542.91 97 
120800.0  48540.78 97 
120802.0  48547.56 87 
120804.0  48544.32 97 
120806.0  48548.52 96 
120808.0  48549.08 97 
120810.0  48548.51 68 
120812.0  48548.28 98 
120814.0  48545.12 97 
120816.0  48545.82 97 
120818.0  48546.10 97 
120820.0  48546.01 97 
120822.0  48544.11 97 
120824.0  48543.74 97 
120826.0  48544.33 97 
120828.0  48547.42 97 
120830.0  48548.84 97 
120832.0  48547.00 98 
120834.0  48545.85 97 
120836.0  48547.65 86 
120838.0  48545.59 97 
120840.0  48545.94 97 
120842.0  48548.30 96 
120844.0  48545.81 98 
120846.0  48544.54 97 
120848.0  48545.28 97 
120850.0  48546.21 86 
120852.0  48544.97 97 
120854.0  48549.85 87 
120856.0  48545.12 97 
120858.0  48548.48 97 
120900.0  48544.66 97 
120902.0  48542.17 97 
120904.0  48545.48 87 
120906.0  48543.92 98 
120908.0  48543.62 96 
120910.0  48545.72 96 
120912.0  48544.45 87 
120914.0  48545.14 77 
120916.0  48546.44 96 
120918.0  48545.32 97 
120920.0  48548.09 97 
120922.0  48543.97 96 
120924.0  48544.52 97 
120926.0  48546.63 97 
120928.0  48543.04 97 
120930.0  48545.40 97 
120932.0  48546.33 97 
120934.0  48543.55 97 
120936.0  48544.65 96 
120938.0  48543.22 97 
120940.0  48543.33 97 
120942.0  48546.14 87 
120944.0  48545.23 97 
120946.0  48543.03 97 
120948.0  48548.22 97 
120950.0  48546.84 87 
120952.0  48542.82 97 
120954.0  48547.22 96 
120956.0  48547.83 87 
120958.0  48549.04 86 
121000.0  48547.88 97 
121002.0  48546.25 97 
121004.0  48546.45 97 
121006.0  48545.18 97 
121008.0  48542.94 97 
121010.0  48546.30 97 
121012.0  48545.54 97 
121014.0  48545.41 97 
121016.0  48545.61 97 
121018.0  48547.71 87 
121020.0  48543.94 97 
121022.0  48545.07 97 
121024.0  48547.31 97 
121026.0  48546.44 97 
121028.0  48546.32 97 
121030.0  48544.62 97 
121032.0  48544.59 96 
121034.0  48552.30 66 
121036.0  48549.78 97 
121038.0  48543.97 86 
121040.0  48545.60 97 
121042.0  48545.40 97 
121044.0  48545.03 97 
121046.0  48543.66 96 
121048.0  48545.45 97 
121050.0  48547.44 87 
121052.0  48547.95 96 
121054.0  48548.66 86 
121056.0  48545.98 97 
121058.0  48546.76 86 
121100.0  48547.28 96 
121102.0  48544.90 97 
121104.0  48546.65 97 
121106.0  48545.94 97 
121108.0  48543.90 96 
121110.0  48544.44 97 
121112.0  48546.74 87 
121114.0  48544.26 97 
121116.0  48545.01 96 
121118.0  48544.84 97 
121120.0  48544.45 98 
121122.0  48545.68 97 
121124.0  48547.18 97 
121126.0  48545.24 96 
121128.0  48547.16 97 
121130.0  48542.87 96 
121132.0  48547.22 97 
121134.0  48543.18 97 
121136.0  48544.99 96 
121138.0  48546.20 86 
121140.0  48542.79 97 
