          49
         245
         174
          94
          40
          16
           1
          14
          55
         115
         203
         275
         399
         483
         576
         731
         866
         925
        1023
        1066
        1145
        1229
        1315
        1407
        1455
        1536
        1638
        1640
        1687
        1690
        1739
        1775
        1820
        1931
        1930
        1977
        2018
        2070
        2109
        2106
        2141
        2189
        2194
        2234
        2242
        2239
        2227
        2237
        2221
        2209
