          48
          89
          36
          15
           1
          12
          31
          62
         101
         146
         199
         260
         327
         432
         501
         586
         637
         640
         668
         714
         766
         813
         824
         869
         880
         912
         946
         981
         995
        1056
        1055
        1084
        1087
        1147
        1183
        1216
        1249
        1282
        1285
        1315
        1345
        1344
        1343
        1366
        1391
        1409
        1405
        1408
        1416
