          48
        1636
        1635
        1661
        1673
        1691
        1682
        1687
        1690
        1678
        1652
        1596
        1593
        1590
        1536
        1441
        1396
        1393
        1340
        1337
        1284
        1192
        1139
        1146
        1102
        1018
         978
         968
         928
         894
         884
         844
         802
         737
         719
         676
         630
         507
         405
         256
         191
          89
          16
           1
          13
          81
         150
         241
         321
